,user_active_degree,is_lowactive_period,is_live_streamer,is_live_streamer
0,3,4,6,8
1,1,4,6,8
2,1,4,6,8
3,1,4,6,8
4,1,4,6,8
5,1,4,6,8
6,1,4,6,8
7,1,4,6,8
8,3,4,6,8
9,1,4,6,8
10,1,4,6,8
11,1,4,6,8
12,1,4,6,8
13,1,4,6,8
14,1,4,6,9
15,1,4,6,8
16,1,4,6,8
17,1,4,6,8
18,1,4,6,8
19,1,4,6,8
20,1,4,6,8
21,3,4,6,8
22,3,4,6,8
23,1,4,6,8
24,1,4,6,9
25,3,4,6,9
26,1,4,6,9
27,1,4,6,9
28,1,4,6,8
29,1,4,6,8
30,1,4,6,8
31,1,4,6,9
32,1,4,6,9
33,3,4,6,8
34,2,4,6,9
35,1,4,6,8
36,1,4,6,8
37,1,4,6,9
38,1,4,6,8
39,1,4,6,9
40,3,4,6,8
41,1,4,6,8
42,1,4,6,8
43,1,4,6,8
44,1,4,6,8
45,1,4,6,8
46,1,4,6,8
47,1,4,6,9
48,1,4,6,8
49,1,4,6,8
50,1,4,6,8
51,3,4,6,8
52,1,4,6,9
53,1,4,6,8
54,3,4,6,8
55,1,4,6,8
56,1,4,6,8
57,1,4,6,8
58,1,4,6,8
59,3,4,6,9
60,1,4,6,9
61,1,4,6,8
62,1,4,6,8
63,3,4,6,9
64,1,4,6,9
65,3,4,6,8
66,1,4,6,8
67,0,4,6,9
68,1,4,6,8
69,1,4,6,8
70,3,4,6,8
71,1,4,6,8
72,1,4,6,8
73,1,4,6,8
74,1,4,6,8
75,1,4,6,8
76,1,4,6,8
77,1,4,6,8
78,1,4,6,8
79,1,4,6,8
80,1,4,6,8
81,1,4,6,8
82,1,4,6,8
83,1,4,6,9
84,1,4,6,8
85,1,4,6,8
86,0,4,6,9
87,1,4,6,8
88,3,4,6,8
89,1,4,6,9
90,3,4,6,9
91,1,4,6,8
92,1,4,6,9
93,1,4,6,8
94,1,4,6,9
95,1,4,6,8
96,3,4,6,8
97,3,4,6,8
98,1,4,6,8
99,1,4,6,8
100,1,4,6,8
101,3,4,6,8
102,1,4,6,8
103,1,4,6,9
104,1,4,6,9
105,1,4,6,8
106,1,4,6,9
107,1,4,6,8
108,1,4,6,8
109,1,4,6,8
110,1,4,6,8
111,1,4,6,8
112,3,4,6,8
113,3,4,6,8
114,1,4,6,8
115,1,4,6,9
116,1,4,6,8
117,1,4,6,8
118,1,4,6,8
119,3,4,6,8
120,1,4,6,8
121,1,4,6,8
122,1,4,6,8
123,1,4,6,8
124,1,4,6,8
125,1,4,6,8
126,3,4,6,8
127,1,4,6,8
128,1,4,6,9
129,1,4,6,8
130,3,4,6,8
131,3,4,6,8
132,1,4,6,8
133,1,4,6,8
134,1,4,6,8
135,1,4,6,8
136,3,4,6,8
137,1,4,6,8
138,1,4,6,9
139,1,4,6,8
140,1,4,6,8
141,1,4,6,8
142,1,4,6,8
143,1,4,6,9
144,1,4,6,8
145,1,4,6,8
146,1,4,6,8
147,1,4,6,8
148,3,4,6,8
149,1,4,6,8
150,1,4,6,9
151,1,4,6,8
152,1,4,6,8
153,1,4,6,8
154,1,4,6,8
155,0,4,6,8
156,1,4,6,8
157,1,4,6,8
158,1,4,6,8
159,1,4,6,8
160,1,4,6,8
161,1,4,6,8
162,1,4,6,8
163,1,4,6,8
164,1,4,6,8
165,1,4,6,8
166,3,4,6,8
167,1,4,6,9
168,1,4,6,8
169,1,4,6,9
170,3,4,6,8
171,3,4,6,8
172,1,4,6,8
173,1,4,6,8
174,3,4,6,8
175,1,4,6,8
176,1,4,6,8
177,1,4,6,8
178,1,4,6,8
179,1,4,6,8
180,1,4,6,8
181,1,4,6,8
182,1,4,6,8
183,1,4,6,8
184,3,4,6,8
185,0,4,6,8
186,1,4,6,8
187,1,4,6,8
188,1,4,6,8
189,1,4,6,8
190,1,4,6,9
191,1,4,6,8
192,1,4,6,8
193,1,4,6,8
194,1,4,6,8
195,1,4,6,8
196,1,4,6,9
197,1,4,6,8
198,1,4,6,9
199,3,4,6,8
200,1,4,6,8
201,1,4,6,8
202,1,4,6,8
203,1,4,6,9
204,3,4,6,8
205,1,4,6,8
206,3,4,6,8
207,1,4,6,9
208,3,4,6,8
209,1,4,6,8
210,1,4,6,8
211,1,4,6,8
212,1,4,6,8
213,1,4,6,8
214,1,4,6,8
215,1,4,6,8
216,1,4,6,8
217,3,4,6,8
218,1,4,6,8
219,1,4,6,8
220,1,4,6,8
221,1,4,6,8
222,1,4,6,8
223,3,4,6,8
224,1,4,6,8
225,1,4,6,8
226,1,4,6,8
227,1,4,6,9
228,1,4,6,8
229,1,4,6,8
230,1,4,6,8
231,1,4,6,8
232,1,4,6,8
233,1,4,6,8
234,1,4,6,8
235,1,4,6,8
236,1,4,6,8
237,0,4,6,8
238,3,4,6,8
239,1,4,6,8
240,1,4,6,8
241,1,4,6,8
242,3,4,6,9
243,1,4,6,8
244,1,4,6,8
245,1,4,6,8
246,1,4,6,8
247,1,4,6,9
248,1,4,6,8
249,3,4,6,8
250,1,4,6,8
251,1,4,6,8
252,1,4,6,8
253,1,4,6,9
254,1,4,6,9
255,1,4,6,8
256,1,4,6,8
257,1,4,6,8
258,1,4,6,9
259,3,4,6,8
260,1,4,6,8
261,1,4,6,8
262,1,4,6,8
263,1,4,6,8
264,1,4,6,8
265,1,4,6,9
266,1,4,6,8
267,1,4,6,8
268,1,4,6,9
269,3,4,6,8
270,1,4,6,8
271,3,4,6,8
272,1,4,6,8
273,1,4,6,8
274,1,4,6,8
275,1,4,6,9
276,3,4,6,8
277,1,4,6,8
278,1,4,6,8
279,1,4,6,8
280,1,4,6,8
281,1,4,6,9
282,1,4,6,8
283,3,4,6,8
284,1,4,6,9
285,1,4,6,9
286,1,4,6,8
287,1,4,6,8
288,1,4,6,9
289,1,4,6,9
290,1,4,6,8
291,1,4,6,8
292,1,4,6,9
293,1,4,6,9
294,1,4,6,8
295,1,4,6,9
296,3,4,6,8
297,1,4,6,8
298,3,4,6,8
299,1,4,6,8
300,1,4,6,8
301,1,4,6,8
302,1,4,6,8
303,1,4,6,8
304,1,4,6,8
305,1,4,6,8
306,1,4,6,9
307,3,4,6,9
308,1,4,6,8
309,1,4,6,8
310,1,4,6,8
311,1,4,6,8
312,1,4,6,8
313,1,4,6,8
314,1,4,6,8
315,1,4,6,9
316,1,4,6,8
317,1,4,6,8
318,1,4,6,8
319,1,4,6,8
320,1,4,6,8
321,1,4,6,8
322,1,4,6,8
323,3,4,6,8
324,3,4,6,8
325,1,4,6,9
326,1,4,6,8
327,1,4,6,8
328,1,4,6,8
329,1,4,6,9
330,1,4,6,8
331,1,4,6,9
332,1,4,6,8
333,1,4,6,8
334,1,4,6,8
335,1,4,6,9
336,1,4,6,8
337,1,4,6,9
338,1,4,6,8
339,1,4,6,8
340,3,4,6,8
341,1,4,6,8
342,1,4,6,8
343,1,4,6,8
344,1,4,6,9
345,1,4,6,8
346,1,4,6,8
347,1,4,6,8
348,1,4,6,8
349,3,4,6,9
350,1,4,6,9
351,1,4,6,8
352,1,4,6,8
353,1,4,6,8
354,1,4,6,9
355,1,4,6,8
356,1,4,6,8
357,1,4,6,8
358,1,4,6,8
359,1,4,6,8
360,1,4,6,9
361,1,4,6,8
362,1,4,6,8
363,1,4,6,8
364,3,4,6,8
365,1,4,6,8
366,1,4,6,8
367,1,4,6,9
368,1,4,6,8
369,1,4,6,8
370,1,4,6,8
371,1,4,6,8
372,1,4,6,9
373,3,4,6,8
374,1,4,6,8
375,1,4,6,8
376,1,4,6,8
377,1,4,6,9
378,1,4,6,9
379,3,4,6,8
380,1,4,6,8
381,1,4,6,8
382,1,4,6,9
383,3,4,6,8
384,1,4,6,8
385,1,4,6,8
386,1,4,6,8
387,1,4,6,8
388,1,4,6,8
389,1,4,6,8
390,1,4,6,8
391,3,4,6,9
392,1,4,6,8
393,1,4,6,8
394,1,4,6,9
395,1,4,6,8
396,1,4,6,8
397,3,4,6,8
398,1,4,6,8
399,1,4,6,8
400,1,4,6,8
401,1,4,6,8
402,1,4,6,8
403,1,4,6,8
404,1,4,6,8
405,1,4,6,8
406,1,4,6,8
407,3,4,6,8
408,1,4,6,8
409,1,4,6,8
410,1,4,6,8
411,1,4,6,8
412,1,4,6,9
413,1,4,6,8
414,1,4,6,9
415,1,4,6,8
416,1,4,6,8
417,1,4,6,8
418,1,4,6,9
419,3,4,6,8
420,1,4,6,8
421,3,4,6,8
422,1,4,6,8
423,1,4,6,9
424,3,4,6,8
425,1,4,6,9
426,1,4,6,8
427,1,4,6,8
428,3,4,6,8
429,3,4,6,8
430,3,4,6,8
431,1,4,6,8
432,1,4,6,8
433,1,4,6,9
434,1,4,6,8
435,3,4,6,8
436,1,4,6,8
437,1,4,6,8
438,1,4,6,8
439,1,4,6,8
440,1,4,6,8
441,3,4,6,8
442,1,4,6,8
443,1,4,6,8
444,0,4,6,8
445,1,4,6,8
446,1,4,6,8
447,1,4,6,8
448,3,4,6,8
449,1,4,6,8
450,1,4,6,8
451,1,4,6,8
452,3,4,6,8
453,1,4,6,8
454,1,4,6,9
455,1,4,6,8
456,1,4,6,8
457,1,4,6,8
458,3,4,6,8
459,1,4,6,9
460,1,4,6,9
461,1,4,6,8
462,3,4,6,8
463,1,4,6,8
464,1,4,6,8
465,1,4,6,8
466,3,4,6,8
467,1,4,6,9
468,3,4,6,8
469,1,4,6,8
470,1,4,6,8
471,1,4,6,8
472,1,4,6,8
473,1,4,6,8
474,1,4,6,8
475,1,4,6,8
476,1,4,6,8
477,1,4,6,8
478,3,4,6,8
479,1,4,6,8
480,1,4,6,8
481,1,4,6,8
482,1,4,6,8
483,1,4,6,8
484,0,4,6,9
485,1,4,6,8
486,1,4,6,8
487,3,4,6,8
488,1,4,6,8
489,1,4,6,8
490,1,4,6,8
491,3,4,6,8
492,1,4,6,8
493,1,4,6,8
494,1,4,6,9
495,3,4,6,9
496,1,4,6,8
497,1,4,6,8
498,1,4,6,8
499,1,4,6,8
500,1,4,6,9
501,1,4,6,8
502,3,4,6,8
503,1,4,6,8
504,1,4,6,8
505,3,4,6,8
506,1,4,6,8
507,0,4,6,8
508,1,4,6,9
509,1,4,6,8
510,1,4,6,8
511,1,4,6,8
512,1,4,6,8
513,1,4,6,8
514,1,4,6,8
515,1,4,6,8
516,3,4,6,8
517,1,4,6,8
518,1,4,6,9
519,1,4,6,8
520,0,4,6,8
521,1,4,6,8
522,1,4,6,8
523,1,4,6,8
524,1,4,6,8
525,0,4,6,8
526,3,4,6,9
527,3,4,6,8
528,1,4,6,8
529,1,4,6,8
530,1,4,6,8
531,3,4,6,8
532,3,4,6,9
533,1,4,6,9
534,1,4,6,8
535,1,4,6,8
536,1,4,6,8
537,1,4,6,9
538,1,4,6,8
539,1,4,6,8
540,3,4,6,9
541,3,4,6,8
542,1,4,6,8
543,1,4,6,8
544,1,4,6,8
545,1,4,6,8
546,1,4,6,9
547,1,4,6,8
548,1,4,6,8
549,3,4,6,8
550,3,4,6,8
551,1,4,6,9
552,1,4,6,9
553,1,4,6,9
554,3,4,6,8
555,1,4,6,8
556,1,4,6,8
557,1,4,6,8
558,1,4,6,8
559,1,4,6,8
560,1,4,6,8
561,0,4,6,8
562,3,4,6,8
563,1,4,6,8
564,1,4,6,9
565,1,4,6,8
566,1,4,6,8
567,1,4,6,9
568,1,4,6,8
569,1,4,6,8
570,3,4,6,8
571,3,4,6,9
572,3,4,6,9
573,1,4,6,8
574,1,4,6,8
575,1,4,6,8
576,1,4,6,8
577,1,4,6,9
578,3,4,6,8
579,1,4,6,8
580,1,4,6,8
581,1,4,6,8
582,1,4,6,8
583,1,4,7,9
584,1,4,6,8
585,3,4,6,8
586,1,4,6,8
587,1,4,6,8
588,1,4,6,8
589,1,4,6,8
590,1,4,6,9
591,1,4,6,8
592,1,4,6,8
593,1,4,6,8
594,1,4,6,8
595,1,4,6,8
596,1,4,6,8
597,1,4,6,8
598,1,4,6,8
599,0,4,6,8
600,1,4,6,8
601,1,4,6,8
602,1,4,6,8
603,1,4,6,8
604,1,4,6,8
605,0,4,6,8
606,1,4,6,8
607,1,4,6,8
608,1,4,6,9
609,1,4,6,8
610,1,4,6,8
611,1,4,6,8
612,1,4,6,8
613,1,4,6,8
614,1,4,6,8
615,1,4,6,8
616,1,4,6,8
617,1,4,6,8
618,1,4,6,8
619,1,4,6,8
620,1,4,7,9
621,1,4,6,9
622,1,4,6,8
623,1,4,6,8
624,1,4,6,9
625,1,4,6,9
626,1,4,6,8
627,1,4,6,8
628,1,4,6,8
629,1,4,6,8
630,1,4,6,8
631,1,4,6,8
632,1,4,6,8
633,1,4,6,8
634,1,4,6,8
635,1,4,6,8
636,1,4,6,8
637,1,4,6,8
638,1,4,6,8
639,1,4,6,8
640,1,4,6,9
641,1,4,6,8
642,1,4,6,8
643,1,4,6,8
644,1,4,6,8
645,3,4,6,8
646,1,4,6,8
647,1,4,6,8
648,1,4,6,8
649,1,4,6,8
650,1,4,6,8
651,1,4,6,8
652,3,4,6,8
653,1,4,6,8
654,3,4,6,8
655,1,4,6,8
656,1,4,6,8
657,3,4,6,9
658,1,4,6,8
659,1,4,6,8
660,1,4,6,8
661,1,4,6,8
662,1,4,6,8
663,1,4,6,8
664,1,4,6,8
665,1,4,6,9
666,1,4,6,8
667,1,4,6,8
668,1,4,6,8
669,0,4,6,8
670,1,4,6,8
671,1,4,6,8
672,1,4,6,8
673,1,4,6,8
674,1,4,6,8
675,1,4,6,8
676,1,4,6,9
677,3,4,6,8
678,1,4,6,8
679,3,4,6,8
680,1,4,6,8
681,1,4,6,8
682,1,4,6,9
683,1,4,6,8
684,1,4,6,8
685,3,4,6,8
686,1,4,6,8
687,0,4,6,8
688,1,4,6,8
689,3,4,6,8
690,1,4,6,8
691,1,4,6,8
692,1,4,6,8
693,1,4,6,8
694,1,4,6,8
695,1,4,6,8
696,1,4,6,9
697,1,4,6,8
698,1,4,6,8
699,1,4,6,8
700,1,4,7,9
701,1,4,6,8
702,1,4,6,8
703,1,4,6,8
704,1,4,6,8
705,1,4,6,8
706,3,4,6,8
707,1,4,6,8
708,1,4,6,8
709,1,4,6,8
710,1,4,6,8
711,1,4,6,8
712,1,4,6,8
713,1,4,6,8
714,1,4,6,9
715,1,4,6,8
716,1,4,6,8
717,1,4,6,8
718,1,4,6,8
719,1,4,6,9
720,1,4,6,8
721,1,4,6,8
722,1,4,6,8
723,1,4,6,8
724,1,4,6,8
725,1,4,6,9
726,3,4,6,8
727,1,4,6,8
728,1,4,6,8
729,1,4,6,8
730,1,4,6,9
731,3,4,6,8
732,1,4,6,9
733,1,4,6,9
734,1,4,6,8
735,1,4,6,8
736,3,4,6,8
737,1,4,6,8
738,1,4,6,8
739,1,4,6,8
740,1,4,7,9
741,1,4,6,8
742,1,4,6,8
743,1,4,6,9
744,1,4,6,8
745,1,4,6,9
746,1,4,6,8
747,1,4,6,8
748,1,4,6,8
749,1,4,6,8
750,1,4,6,8
751,1,4,6,8
752,1,4,6,8
753,1,4,6,8
754,1,4,6,9
755,1,4,6,9
756,1,4,6,9
757,1,4,6,8
758,2,4,6,8
759,3,4,6,8
760,1,4,6,8
761,2,4,6,8
762,1,4,6,8
763,1,4,6,9
764,1,4,6,8
765,1,4,6,8
766,1,4,6,9
767,1,4,6,8
768,1,4,6,8
769,1,4,6,9
770,1,4,6,9
771,1,4,6,8
772,1,4,6,8
773,1,4,6,8
774,1,4,6,8
775,1,4,6,9
776,1,4,6,8
777,1,4,6,8
778,1,4,6,8
779,1,4,6,8
780,1,4,6,8
781,1,4,6,8
782,1,4,6,9
783,1,4,6,9
784,3,4,6,8
785,1,4,6,8
786,1,4,6,8
787,1,4,6,8
788,3,4,6,8
789,1,4,6,8
790,1,4,6,8
791,1,4,6,8
792,1,4,6,8
793,1,4,6,8
794,3,4,6,8
795,1,4,6,8
796,1,4,6,8
797,1,4,6,9
798,1,4,6,8
799,3,4,6,8
800,1,4,6,8
801,1,4,6,8
802,1,4,6,9
803,1,4,6,8
804,1,4,6,8
805,1,4,6,8
806,1,4,6,8
807,1,4,6,8
808,1,4,6,9
809,3,4,6,8
810,1,4,6,8
811,1,4,6,8
812,0,4,6,8
813,1,4,6,8
814,1,4,6,8
815,1,4,6,8
816,1,4,6,8
817,1,4,6,8
818,1,4,6,8
819,1,4,6,8
820,1,4,6,8
821,1,4,6,9
822,1,4,6,8
823,1,4,6,9
824,3,4,6,8
825,1,4,6,9
826,1,4,6,8
827,1,4,6,8
828,1,4,6,9
829,1,4,6,8
830,1,4,6,8
831,1,4,6,8
832,3,4,6,8
833,1,4,6,8
834,1,4,6,9
835,1,4,6,8
836,1,4,6,8
837,1,4,6,8
838,1,4,6,8
839,1,4,6,8
840,1,4,6,8
841,1,4,6,9
842,1,4,6,8
843,1,4,6,8
844,1,4,6,8
845,1,4,6,8
846,1,4,6,8
847,1,4,6,8
848,1,4,6,8
849,1,4,6,9
850,1,4,6,8
851,3,4,6,8
852,1,4,6,8
853,1,4,6,8
854,0,4,6,8
855,1,4,6,9
856,1,4,6,8
857,1,4,6,8
858,1,4,6,8
859,1,4,6,8
860,3,4,6,8
861,1,4,6,8
862,1,4,6,8
863,1,4,6,8
864,1,4,6,8
865,1,4,6,8
866,1,4,6,8
867,1,4,6,8
868,1,4,6,9
869,1,4,6,8
870,1,4,6,8
871,1,4,6,8
872,1,4,6,8
873,1,4,6,8
874,1,4,6,8
875,1,4,6,8
876,1,4,6,8
877,1,4,6,8
878,3,4,6,8
879,1,4,6,8
880,1,4,6,8
881,1,4,6,8
882,1,4,6,8
883,3,4,6,8
884,3,4,6,8
885,1,4,6,8
886,1,4,6,8
887,1,4,6,8
888,1,4,6,8
889,1,4,6,8
890,1,4,6,8
891,1,4,6,8
892,3,4,6,8
893,1,4,6,8
894,1,4,6,8
895,1,4,6,8
896,1,4,6,8
897,1,4,6,8
898,1,4,6,8
899,1,4,6,8
900,1,4,6,8
901,1,4,6,8
902,1,4,6,9
903,1,4,6,8
904,1,4,6,8
905,1,4,6,9
906,1,4,6,8
907,2,4,6,8
908,1,4,6,8
909,1,4,6,8
910,1,4,6,9
911,1,4,6,8
912,1,4,6,8
913,1,4,6,8
914,1,4,6,8
915,1,4,6,8
916,1,4,6,8
917,1,4,6,8
918,1,4,6,8
919,1,4,6,8
920,1,4,6,8
921,1,4,6,8
922,3,4,6,8
923,1,4,6,8
924,1,4,6,8
925,1,4,6,8
926,1,4,6,8
927,0,4,6,8
928,3,4,6,8
929,1,4,6,8
930,1,4,6,8
931,1,4,6,8
932,3,4,6,8
933,1,4,6,8
934,1,4,6,8
935,3,4,6,8
936,1,4,6,9
937,1,4,6,8
938,1,4,6,8
939,1,4,6,8
940,3,4,6,8
941,2,4,6,8
942,1,4,6,8
943,1,4,6,8
944,3,4,6,8
945,1,4,6,8
946,3,4,6,8
947,1,4,6,8
948,3,4,6,8
949,1,4,6,8
950,1,4,6,8
951,1,4,6,8
952,1,4,6,8
953,0,4,6,8
954,2,4,6,8
955,1,4,6,8
956,3,4,6,8
957,1,4,6,8
958,1,4,6,8
959,3,4,6,8
960,1,4,6,8
961,1,4,6,8
962,1,4,7,9
963,1,4,6,9
964,1,4,6,8
965,1,4,6,8
966,1,4,6,9
967,1,4,6,8
968,1,4,6,8
969,1,4,6,8
970,1,4,6,8
971,3,4,6,8
972,1,4,6,8
973,1,4,6,8
974,1,4,6,9
975,1,4,6,8
976,3,4,6,8
977,3,4,6,8
978,1,4,6,9
979,1,4,6,8
980,1,4,6,8
981,3,4,6,8
982,1,4,6,8
983,1,4,6,8
984,1,4,6,9
985,3,4,6,8
986,3,4,6,8
987,1,4,6,8
988,1,4,6,9
989,1,4,6,8
990,1,4,6,8
991,1,4,6,9
992,1,4,6,8
993,1,4,6,8
994,1,4,6,8
995,1,4,6,8
996,1,4,6,8
997,1,4,6,8
998,1,4,6,8
999,1,4,6,8
1000,1,4,6,8
1001,1,4,6,8
1002,1,4,6,9
1003,1,4,6,9
1004,1,4,6,8
1005,1,4,6,8
1006,1,4,6,8
1007,1,4,6,8
1008,1,4,6,9
1009,1,4,6,8
1010,1,4,6,8
1011,1,4,6,8
1012,1,4,6,8
1013,1,4,6,8
1014,1,4,6,8
1015,1,4,6,8
1016,1,4,6,8
1017,3,4,7,9
1018,3,4,6,8
1019,1,4,6,8
1020,1,4,6,8
1021,1,4,6,8
1022,1,4,6,8
1023,1,4,6,8
1024,1,4,6,8
1025,1,4,6,8
1026,1,4,6,9
1027,1,4,6,9
1028,1,4,6,8
1029,3,4,6,8
1030,1,4,6,8
1031,1,4,6,8
1032,3,4,6,8
1033,1,4,6,8
1034,1,4,6,8
1035,1,4,6,8
1036,0,4,6,8
1037,1,4,6,8
1038,1,4,6,8
1039,1,4,6,8
1040,1,4,6,8
1041,1,4,6,8
1042,1,4,6,8
1043,1,4,6,8
1044,3,4,6,8
1045,1,4,6,8
1046,1,4,6,8
1047,1,4,6,8
1048,1,4,6,8
1049,1,4,6,9
1050,1,4,6,8
1051,1,4,6,8
1052,1,4,6,9
1053,1,4,6,8
1054,1,4,6,8
1055,1,4,6,8
1056,1,4,6,8
1057,1,4,6,8
1058,1,4,6,8
1059,3,4,6,8
1060,1,4,6,8
1061,1,4,6,8
1062,1,4,6,8
1063,1,4,6,8
1064,3,4,6,8
1065,1,4,6,8
1066,1,4,6,8
1067,1,4,6,8
1068,1,4,6,8
1069,1,4,6,8
1070,1,4,6,8
1071,1,4,6,8
1072,1,4,6,8
1073,1,4,6,8
1074,1,4,6,8
1075,1,4,6,9
1076,1,4,6,8
1077,1,4,6,8
1078,1,4,6,8
1079,1,4,6,8
1080,1,4,6,8
1081,1,4,6,8
1082,1,4,6,8
1083,1,4,6,8
1084,1,4,6,8
1085,1,4,6,8
1086,1,4,6,9
1087,1,4,6,8
1088,3,4,6,8
1089,1,4,6,8
1090,1,4,6,8
1091,3,4,6,9
1092,1,4,6,9
1093,1,4,6,8
1094,3,4,6,8
1095,3,4,6,8
1096,1,4,6,9
1097,1,4,6,8
1098,0,4,6,8
1099,1,4,6,8
1100,1,4,6,9
1101,1,4,6,8
1102,1,4,7,9
1103,1,4,6,8
1104,1,4,6,8
1105,1,4,6,8
1106,1,4,6,8
1107,1,4,6,8
1108,3,4,6,8
1109,1,4,6,8
1110,1,4,6,9
1111,1,4,6,8
1112,3,4,6,8
1113,1,4,6,9
1114,1,4,6,9
1115,1,4,6,8
1116,1,4,6,8
1117,1,4,6,8
1118,1,4,6,8
1119,3,4,6,8
1120,1,4,6,8
1121,1,4,6,8
1122,1,4,6,9
1123,3,4,6,9
1124,1,4,6,8
1125,1,4,6,8
1126,1,4,6,9
1127,1,4,6,8
1128,1,4,6,8
1129,3,4,6,8
1130,3,4,6,9
1131,1,4,6,9
1132,1,4,6,8
1133,3,4,6,8
1134,1,4,6,8
1135,1,4,6,8
1136,1,4,6,8
1137,1,4,6,9
1138,3,4,6,8
1139,3,4,6,8
1140,1,4,6,8
1141,1,4,6,8
1142,1,4,6,8
1143,1,4,6,8
1144,3,4,6,8
1145,1,4,6,8
1146,1,4,6,9
1147,1,4,6,8
1148,1,4,6,8
1149,1,4,6,9
1150,1,4,6,9
1151,1,4,6,8
1152,1,4,6,8
1153,1,4,6,9
1154,1,4,6,8
1155,3,4,6,8
1156,1,4,6,8
1157,3,4,6,8
1158,1,4,6,8
1159,1,4,6,8
1160,1,4,6,8
1161,1,4,6,8
1162,1,4,6,8
1163,1,4,6,8
1164,1,4,6,8
1165,1,4,6,9
1166,1,4,6,8
1167,1,4,6,8
1168,1,4,6,8
1169,1,4,6,9
1170,1,4,6,8
1171,1,4,6,8
1172,1,4,6,8
1173,3,4,6,8
1174,1,4,6,8
1175,1,4,6,8
1176,3,4,6,8
1177,3,4,6,8
1178,1,4,6,8
1179,3,4,6,8
1180,1,4,6,8
1181,1,4,6,8
1182,1,4,6,8
1183,1,4,6,8
1184,1,4,6,8
1185,1,4,6,9
1186,1,4,6,8
1187,1,4,6,8
1188,1,4,6,8
1189,1,4,6,8
1190,1,4,6,8
1191,1,4,6,8
1192,1,4,6,8
1193,1,4,6,8
1194,1,4,6,9
1195,1,4,6,8
1196,1,4,6,8
1197,1,4,6,8
1198,1,4,6,8
1199,3,4,6,8
1200,1,4,6,9
1201,1,4,6,8
1202,1,4,6,8
1203,1,4,6,8
1204,3,4,6,8
1205,1,4,6,8
1206,1,4,6,8
1207,1,4,6,8
1208,1,4,6,8
1209,1,4,6,8
1210,1,4,6,8
1211,1,4,6,9
1212,1,4,6,8
1213,1,4,6,8
1214,1,4,6,8
1215,1,4,6,8
1216,3,4,7,9
1217,1,4,6,9
1218,3,4,6,9
1219,1,4,6,8
1220,1,4,6,8
1221,1,4,6,9
1222,1,4,6,8
1223,2,4,6,8
1224,1,4,6,9
1225,1,4,6,8
1226,3,4,6,8
1227,1,4,6,8
1228,1,4,6,8
1229,3,4,6,9
1230,1,4,6,8
1231,1,4,6,8
1232,3,4,6,8
1233,3,4,6,8
1234,1,4,6,9
1235,1,4,6,8
1236,3,4,6,8
1237,1,4,6,8
1238,1,4,6,8
1239,1,4,6,8
1240,1,4,6,8
1241,1,4,6,8
1242,1,4,6,9
1243,1,4,6,8
1244,1,4,6,8
1245,1,4,6,8
1246,1,4,6,9
1247,1,4,6,8
1248,1,4,6,9
1249,1,4,6,8
1250,1,4,6,8
1251,1,4,6,8
1252,1,4,6,8
1253,1,4,6,8
1254,3,4,6,8
1255,0,4,6,8
1256,1,4,7,9
1257,1,4,6,8
1258,0,4,6,9
1259,1,4,6,8
1260,1,4,6,8
1261,1,4,6,8
1262,1,4,6,8
1263,0,4,6,8
1264,1,4,6,8
1265,1,4,6,9
1266,1,4,6,8
1267,1,4,6,8
1268,1,4,6,9
1269,1,4,6,8
1270,3,4,6,8
1271,1,4,6,8
1272,1,4,6,8
1273,1,4,6,8
1274,1,4,6,9
1275,1,4,6,8
1276,1,4,6,8
1277,1,4,6,8
1278,1,4,6,8
1279,3,4,6,9
1280,1,4,6,9
1281,1,4,6,9
1282,1,4,6,8
1283,1,4,6,8
1284,1,4,6,9
1285,1,4,6,8
1286,1,4,6,9
1287,1,4,6,8
1288,1,4,6,8
1289,3,4,6,8
1290,1,4,6,8
1291,1,4,6,8
1292,1,4,6,9
1293,1,4,6,8
1294,1,4,6,8
1295,1,4,6,8
1296,1,4,6,8
1297,1,4,6,8
1298,1,4,6,8
1299,3,4,6,8
1300,1,4,6,8
1301,1,4,6,8
1302,1,4,6,8
1303,3,4,6,8
1304,1,4,6,8
1305,1,4,6,8
1306,3,4,6,8
1307,1,4,6,8
1308,1,4,6,8
1309,1,4,6,8
1310,1,4,6,8
1311,1,4,6,8
1312,1,4,6,8
1313,3,4,6,8
1314,1,4,6,8
1315,1,4,6,9
1316,1,4,6,8
1317,1,4,6,8
1318,1,4,6,8
1319,1,4,6,8
1320,1,4,6,9
1321,1,4,6,8
1322,3,4,6,8
1323,1,4,6,9
1324,1,4,6,8
1325,1,4,6,8
1326,1,4,6,8
1327,1,4,6,8
1328,1,4,6,8
1329,3,4,6,8
1330,0,4,6,9
1331,1,4,6,8
1332,1,5,6,8
1333,1,4,6,8
1334,1,4,6,8
1335,1,4,6,8
1336,1,4,6,8
1337,1,4,6,8
1338,1,4,6,9
1339,1,4,6,8
1340,1,4,6,8
1341,1,4,6,8
1342,1,4,6,8
1343,1,4,6,8
1344,3,4,6,8
1345,1,4,6,8
1346,1,4,6,8
1347,1,4,6,8
1348,3,4,6,8
1349,0,4,6,8
1350,1,4,6,9
1351,1,4,6,8
1352,1,4,6,8
1353,1,4,6,8
1354,1,4,6,8
1355,1,4,6,8
1356,1,4,6,9
1357,3,4,6,9
1358,1,4,6,8
1359,1,4,6,9
1360,1,4,6,8
1361,1,4,6,8
1362,1,4,6,8
1363,1,4,6,8
1364,1,4,6,8
1365,1,4,6,9
1366,1,4,6,8
1367,1,4,6,8
1368,3,4,6,8
1369,1,4,6,8
1370,1,4,6,8
1371,1,4,6,8
1372,3,4,6,8
1373,1,4,6,8
1374,3,4,6,8
1375,1,4,6,8
1376,1,4,6,8
1377,3,4,6,8
1378,1,4,6,9
1379,1,4,6,8
1380,3,4,6,8
1381,1,4,6,8
1382,1,4,6,8
1383,1,4,6,8
1384,1,4,6,8
1385,1,4,6,8
1386,1,4,6,8
1387,1,4,6,8
1388,1,4,6,8
1389,1,4,6,8
1390,1,4,6,8
1391,1,4,6,8
1392,1,4,6,8
1393,1,4,6,8
1394,1,4,6,8
1395,1,4,6,8
1396,3,4,6,8
1397,3,4,6,8
1398,1,4,6,8
1399,1,4,6,8
1400,1,4,6,8
1401,1,4,6,9
1402,1,4,6,8
1403,1,4,6,8
1404,1,4,6,8
1405,1,4,6,8
1406,1,4,6,8
1407,1,4,6,8
1408,1,4,6,8
1409,1,4,6,8
1410,3,4,6,8
1411,1,4,6,8
1412,1,4,6,8
1413,1,4,6,8
1414,1,4,6,8
1415,1,4,6,8
1416,1,4,6,8
1417,1,4,6,8
1418,1,4,6,8
1419,3,4,6,9
1420,1,4,6,9
1421,1,4,7,9
1422,1,4,6,8
1423,1,4,6,8
1424,1,4,6,8
1425,1,4,6,8
1426,1,4,6,8
1427,3,4,6,8
1428,1,4,6,8
1429,1,4,6,9
1430,1,4,6,8
1431,1,4,6,8
1432,1,4,6,8
1433,3,4,6,8
1434,1,4,6,8
1435,1,4,6,8
1436,1,4,6,8
1437,1,4,6,8
1438,1,4,6,8
1439,1,4,6,8
1440,1,4,6,8
1441,3,4,6,8
1442,1,4,6,8
1443,1,4,6,8
1444,1,4,6,8
1445,3,4,6,8
1446,1,4,6,8
1447,1,4,6,8
1448,1,4,6,8
1449,1,4,6,8
1450,1,4,6,8
1451,1,4,6,8
1452,3,4,6,8
1453,1,4,6,8
1454,0,4,6,8
1455,1,4,6,8
1456,1,4,6,8
1457,1,4,6,8
1458,1,4,6,8
1459,1,4,6,8
1460,1,4,6,9
1461,3,4,6,8
1462,1,4,6,8
1463,1,4,6,8
1464,1,4,6,8
1465,1,4,6,8
1466,1,4,6,8
1467,1,4,6,8
1468,1,4,6,8
1469,1,4,6,9
1470,1,4,6,8
1471,1,4,6,8
1472,3,4,6,8
1473,3,4,7,9
1474,1,4,6,8
1475,1,4,6,9
1476,3,4,6,8
1477,1,4,6,8
1478,3,4,6,8
1479,1,4,6,8
1480,1,4,6,9
1481,3,4,6,8
1482,1,4,6,8
1483,1,4,6,9
1484,1,4,6,8
1485,1,4,6,8
1486,1,4,6,8
1487,1,4,6,9
1488,1,4,6,8
1489,1,4,6,8
1490,0,4,6,8
1491,1,4,6,8
1492,3,4,6,9
1493,0,4,6,8
1494,1,4,6,9
1495,1,4,6,8
1496,1,4,6,8
1497,1,4,6,8
1498,1,4,6,9
1499,1,4,6,9
1500,1,4,6,9
1501,1,4,6,8
1502,1,4,6,9
1503,1,4,6,8
1504,1,4,6,8
1505,3,4,6,8
1506,1,4,6,9
1507,1,4,6,9
1508,1,4,6,8
1509,1,4,6,8
1510,1,4,6,8
1511,1,4,6,9
1512,1,4,6,8
1513,1,4,6,9
1514,1,4,6,8
1515,1,4,6,8
1516,1,4,6,8
1517,1,4,6,8
1518,1,4,6,8
1519,1,4,6,8
1520,1,4,6,8
1521,1,4,6,9
1522,1,4,6,8
1523,1,4,6,8
1524,3,4,6,8
1525,1,4,6,8
1526,1,4,6,9
1527,1,4,6,8
1528,1,4,6,8
1529,1,4,6,8
1530,1,4,6,8
1531,3,4,6,8
1532,1,4,6,8
1533,1,4,6,8
1534,1,4,6,8
1535,1,4,6,8
1536,1,4,6,8
1537,1,4,6,9
1538,1,4,6,8
1539,1,4,6,8
1540,1,4,6,9
1541,1,4,6,8
1542,1,4,6,8
1543,1,4,6,8
1544,1,4,6,8
1545,1,4,6,8
1546,1,4,6,8
1547,1,4,6,8
1548,1,4,6,8
1549,1,4,6,8
1550,1,4,6,8
1551,1,4,6,8
1552,1,4,6,9
1553,1,4,6,9
1554,1,4,6,8
1555,1,4,6,8
1556,1,4,6,8
1557,1,4,6,8
1558,1,4,6,8
1559,3,4,6,8
1560,0,4,6,8
1561,1,4,6,9
1562,1,4,6,8
1563,1,4,6,8
1564,3,4,6,8
1565,0,4,6,8
1566,1,4,6,8
1567,1,4,6,8
1568,1,4,6,9
1569,1,4,6,8
1570,3,4,6,8
1571,1,4,6,9
1572,1,4,6,8
1573,1,4,6,8
1574,1,4,6,8
1575,3,4,6,8
1576,1,4,6,8
1577,1,4,6,8
1578,1,4,6,8
1579,1,4,6,8
1580,1,4,6,8
1581,1,4,6,8
1582,1,4,6,8
1583,1,4,6,9
1584,1,4,6,8
1585,1,4,6,9
1586,1,4,6,8
1587,3,4,6,8
1588,3,4,6,9
1589,1,4,6,8
1590,1,4,6,8
1591,1,4,6,8
1592,1,4,6,8
1593,1,4,6,8
1594,1,4,6,8
1595,1,4,6,9
1596,1,4,6,8
1597,1,4,6,8
1598,3,4,6,8
1599,1,4,6,8
1600,1,4,6,8
1601,1,4,6,8
1602,3,4,6,8
1603,3,4,6,8
1604,1,4,6,9
1605,1,4,6,8
1606,1,4,6,8
1607,3,4,6,8
1608,3,4,6,8
1609,1,4,6,8
1610,3,4,6,8
1611,1,4,6,8
1612,1,4,6,9
1613,3,4,6,9
1614,1,4,6,8
1615,1,4,6,8
1616,1,4,6,9
1617,3,4,6,8
1618,1,4,6,8
1619,1,4,6,8
1620,1,4,6,8
1621,1,4,6,9
1622,1,4,6,8
1623,1,4,6,8
1624,1,4,6,9
1625,1,4,6,8
1626,1,4,6,8
1627,1,4,6,8
1628,1,4,6,8
1629,1,4,6,8
1630,3,4,6,8
1631,1,4,6,8
1632,1,4,6,8
1633,1,4,6,8
1634,1,4,6,9
1635,1,4,6,8
1636,3,4,6,8
1637,1,4,6,8
1638,3,4,6,8
1639,1,4,6,8
1640,1,4,6,8
1641,1,4,6,8
1642,1,4,6,8
1643,1,4,6,9
1644,1,4,6,8
1645,1,4,7,9
1646,3,4,6,8
1647,1,4,6,8
1648,1,4,6,8
1649,1,4,6,8
1650,1,4,6,8
1651,1,4,6,8
1652,1,4,6,9
1653,3,4,6,8
1654,1,4,6,8
1655,1,4,6,9
1656,1,4,6,8
1657,1,4,6,8
1658,3,4,6,8
1659,1,4,6,9
1660,1,4,6,8
1661,1,4,6,8
1662,1,4,6,8
1663,1,4,6,8
1664,3,4,6,9
1665,3,4,6,8
1666,3,4,6,8
1667,1,4,6,8
1668,1,4,6,8
1669,1,4,6,9
1670,1,4,6,8
1671,1,4,6,8
1672,3,4,6,8
1673,1,4,6,8
1674,3,4,6,9
1675,3,4,6,8
1676,1,4,6,8
1677,1,4,6,8
1678,1,4,6,8
1679,1,4,6,8
1680,1,4,6,8
1681,1,4,6,8
1682,1,4,6,8
1683,1,4,6,8
1684,1,4,6,8
1685,3,4,6,8
1686,1,4,6,8
1687,1,4,6,8
1688,1,4,6,8
1689,3,4,6,8
1690,1,4,6,8
1691,1,4,6,8
1692,1,4,6,8
1693,1,4,6,8
1694,1,4,6,8
1695,3,4,6,8
1696,1,4,6,8
1697,1,4,6,8
1698,1,4,6,8
1699,1,4,6,8
1700,1,4,6,8
1701,1,4,6,8
1702,3,4,6,8
1703,1,4,6,8
1704,1,4,6,9
1705,1,4,6,8
1706,3,4,6,8
1707,1,4,6,8
1708,1,4,6,8
1709,1,4,6,9
1710,1,4,6,8
1711,1,4,6,8
1712,1,4,6,9
1713,1,4,6,8
1714,1,4,6,9
1715,1,4,6,8
1716,1,4,6,8
1717,1,4,6,8
1718,1,4,6,8
1719,1,4,6,8
1720,1,4,6,9
1721,1,4,6,9
1722,1,4,6,8
1723,1,4,6,8
1724,1,4,6,8
1725,1,4,6,9
1726,1,4,6,8
1727,1,4,6,8
1728,3,4,6,8
1729,1,4,6,8
1730,1,4,6,8
1731,1,4,6,8
1732,1,4,6,8
1733,1,4,6,8
1734,1,4,6,8
1735,1,4,6,8
1736,1,4,6,8
1737,1,4,6,9
1738,1,4,6,8
1739,1,4,6,8
1740,1,4,6,8
1741,1,4,6,9
1742,3,4,6,9
1743,1,4,6,8
1744,1,4,6,8
1745,1,4,6,8
1746,1,4,6,8
1747,1,4,6,8
1748,1,4,6,8
1749,1,4,6,8
1750,1,4,6,8
1751,1,4,6,8
1752,1,4,6,8
1753,3,4,6,8
1754,3,4,6,8
1755,1,4,6,8
1756,1,4,6,8
1757,1,4,6,8
1758,1,4,6,8
1759,1,4,6,9
1760,3,4,6,8
1761,1,4,6,8
1762,1,4,6,8
1763,1,4,6,9
1764,3,4,6,8
1765,1,4,6,8
1766,1,4,6,8
1767,1,4,6,8
1768,1,4,6,8
1769,1,4,6,9
1770,1,4,6,9
1771,1,4,6,8
1772,1,4,6,8
1773,1,4,6,8
1774,1,4,6,8
1775,1,4,6,8
1776,1,4,6,8
1777,1,4,6,8
1778,1,4,6,9
1779,1,4,6,9
1780,1,4,6,8
1781,3,4,6,9
1782,1,4,6,8
1783,1,4,6,8
1784,1,4,6,8
1785,1,4,6,8
1786,1,4,6,8
1787,1,4,6,8
1788,3,4,6,8
1789,1,4,6,8
1790,1,4,6,9
1791,1,4,6,8
1792,1,4,6,8
1793,1,4,6,8
1794,1,4,6,9
1795,1,4,6,8
1796,1,4,6,8
1797,1,4,6,9
1798,1,4,6,8
1799,3,4,6,8
1800,1,4,6,8
1801,1,4,6,9
1802,1,4,6,8
1803,1,4,6,8
1804,1,4,6,8
1805,3,4,6,8
1806,3,4,6,8
1807,3,4,6,8
1808,1,4,6,8
1809,1,4,6,8
1810,1,4,6,8
1811,1,4,6,8
1812,1,4,6,8
1813,1,4,6,8
1814,1,4,6,8
1815,1,4,6,8
1816,1,4,6,8
1817,3,4,6,8
1818,1,4,6,8
1819,1,4,6,8
1820,3,4,6,8
1821,1,4,6,8
1822,1,4,6,8
1823,1,4,6,8
1824,1,4,6,8
1825,1,4,6,9
1826,1,4,6,8
1827,1,4,6,8
1828,1,4,6,8
1829,1,4,6,8
1830,1,4,6,8
1831,1,4,6,8
1832,1,4,6,8
1833,1,4,6,9
1834,1,4,6,8
1835,1,4,6,8
1836,1,4,6,8
1837,3,4,6,9
1838,1,4,6,8
1839,1,4,6,8
1840,3,4,6,8
1841,1,4,6,8
1842,1,4,6,9
1843,1,4,6,9
1844,1,4,6,8
1845,3,4,6,8
1846,1,4,6,8
1847,1,4,6,9
1848,1,4,6,8
1849,1,4,6,8
1850,1,4,6,8
1851,1,4,6,8
1852,1,4,6,8
1853,1,4,6,9
1854,1,4,6,8
1855,1,4,6,8
1856,1,4,6,8
1857,1,4,6,8
1858,1,4,6,8
1859,1,4,6,8
1860,1,4,6,9
1861,1,4,6,9
1862,1,4,6,9
1863,1,4,6,8
1864,1,4,6,8
1865,1,4,6,8
1866,1,4,6,8
1867,1,4,6,8
1868,1,4,6,8
1869,1,4,6,8
1870,1,4,6,8
1871,1,4,6,8
1872,1,4,6,8
1873,3,4,6,8
1874,1,4,6,8
1875,1,4,6,8
1876,3,4,6,8
1877,1,4,6,8
1878,1,4,6,8
1879,1,4,6,9
1880,1,4,6,8
1881,3,4,6,9
1882,1,4,6,8
1883,1,4,6,8
1884,1,4,6,8
1885,1,4,6,8
1886,1,4,6,8
1887,1,4,6,8
1888,1,4,6,8
1889,1,4,6,8
1890,1,4,6,8
1891,1,4,6,8
1892,1,4,6,8
1893,1,4,6,9
1894,1,4,6,9
1895,1,4,6,9
1896,1,4,6,8
1897,1,4,6,8
1898,1,4,6,9
1899,1,4,6,8
1900,1,4,6,8
1901,1,4,6,8
1902,1,4,6,8
1903,1,4,6,8
1904,1,4,6,8
1905,0,4,6,8
1906,1,4,6,8
1907,3,4,6,9
1908,1,4,6,9
1909,1,4,6,8
1910,1,4,6,8
1911,1,4,6,9
1912,1,4,6,8
1913,1,4,6,9
1914,1,4,6,8
1915,1,4,6,8
1916,1,4,6,8
1917,3,4,6,8
1918,1,4,6,8
1919,1,4,6,8
1920,1,4,6,8
1921,1,4,6,8
1922,1,4,6,9
1923,0,4,6,8
1924,1,4,6,9
1925,1,4,6,9
1926,1,4,6,8
1927,3,4,6,8
1928,1,4,6,8
1929,1,4,6,8
1930,3,4,6,8
1931,1,4,6,8
1932,1,4,6,8
1933,3,4,6,8
1934,1,4,6,9
1935,3,4,6,8
1936,0,4,6,8
1937,1,4,6,9
1938,1,4,6,8
1939,1,4,6,8
1940,1,4,6,8
1941,1,4,6,8
1942,1,4,6,8
1943,1,4,6,8
1944,1,4,6,8
1945,1,4,6,8
1946,1,4,6,8
1947,1,4,6,8
1948,1,4,6,8
1949,1,4,6,8
1950,1,4,6,8
1951,1,4,6,8
1952,1,4,6,8
1953,1,4,6,8
1954,1,4,6,8
1955,1,4,6,8
1956,1,4,6,8
1957,1,4,6,8
1958,1,4,6,9
1959,1,4,6,9
1960,1,4,6,8
1961,1,4,6,8
1962,1,4,6,8
1963,1,4,6,8
1964,1,4,6,8
1965,0,4,6,8
1966,1,4,6,8
1967,1,4,6,8
1968,3,4,6,8
1969,1,4,6,8
1970,1,4,6,8
1971,1,4,6,9
1972,3,4,7,9
1973,1,4,6,8
1974,1,4,6,8
1975,1,4,6,9
1976,1,4,6,8
1977,1,4,6,8
1978,1,4,6,9
1979,1,4,6,8
1980,1,4,6,8
1981,1,4,6,8
1982,1,4,6,8
1983,1,4,6,8
1984,1,4,6,8
1985,1,4,6,8
1986,3,4,6,8
1987,0,4,6,8
1988,0,4,6,8
1989,1,4,6,8
1990,1,4,6,8
1991,1,4,6,8
1992,1,4,6,8
1993,1,4,6,8
1994,1,4,6,9
1995,1,4,6,8
1996,3,4,6,8
1997,1,4,6,8
1998,1,4,6,8
1999,1,4,6,8
2000,1,4,6,9
2001,0,4,6,8
2002,3,4,6,8
2003,1,4,6,8
2004,1,4,6,8
2005,1,4,6,8
2006,1,4,6,9
2007,1,4,6,8
2008,1,4,6,8
2009,3,4,6,8
2010,1,4,6,8
2011,1,4,6,9
2012,1,4,6,8
2013,1,4,6,8
2014,1,4,6,8
2015,1,4,6,8
2016,1,4,6,9
2017,1,4,6,8
2018,1,4,6,8
2019,1,4,6,8
2020,1,4,6,9
2021,1,4,6,8
2022,1,4,6,8
2023,1,4,6,8
2024,1,4,6,8
2025,1,4,6,9
2026,1,4,6,8
2027,1,4,6,9
2028,1,4,6,8
2029,1,4,6,8
2030,1,4,6,9
2031,1,4,6,8
2032,1,4,6,8
2033,1,4,6,8
2034,1,4,6,8
2035,0,4,6,8
2036,1,4,6,8
2037,3,4,6,8
2038,1,4,6,8
2039,1,4,6,8
2040,3,4,6,8
2041,1,4,6,8
2042,3,4,6,8
2043,1,4,6,8
2044,1,4,6,8
2045,1,4,6,8
2046,1,4,6,8
2047,1,4,6,8
2048,1,4,6,9
2049,1,4,6,8
2050,3,4,6,8
2051,1,4,6,8
2052,1,4,6,8
2053,1,4,6,9
2054,1,4,6,9
2055,1,4,6,8
2056,1,4,6,8
2057,3,4,6,8
2058,1,4,6,8
2059,1,4,6,9
2060,1,4,6,8
2061,1,4,6,9
2062,1,4,6,9
2063,3,4,6,9
2064,1,4,6,9
2065,1,4,6,8
2066,1,4,6,8
2067,1,4,6,8
2068,1,4,6,8
2069,3,4,6,8
2070,1,4,6,8
2071,1,4,6,8
2072,1,4,6,8
2073,1,4,6,8
2074,1,4,6,8
2075,1,4,6,8
2076,1,4,6,9
2077,0,4,6,8
2078,1,4,6,8
2079,1,4,6,8
2080,1,4,6,8
2081,3,4,6,8
2082,1,4,6,8
2083,1,4,6,8
2084,1,4,6,8
2085,1,4,6,9
2086,1,4,6,8
2087,1,4,6,8
2088,1,4,6,8
2089,1,4,6,8
2090,1,4,6,8
2091,1,4,6,8
2092,1,4,6,8
2093,1,4,6,8
2094,1,4,6,8
2095,1,4,6,8
2096,1,4,6,8
2097,1,4,6,8
2098,1,4,6,9
2099,1,4,6,8
2100,1,4,6,8
2101,1,4,6,8
2102,1,4,6,8
2103,1,4,6,8
2104,1,4,6,8
2105,1,4,6,9
2106,1,4,6,8
2107,1,4,6,8
2108,1,4,6,8
2109,3,4,6,8
2110,1,4,6,8
2111,1,4,6,9
2112,1,4,6,8
2113,1,4,6,8
2114,1,4,6,8
2115,1,4,6,8
2116,1,4,6,8
2117,1,4,6,9
2118,1,4,6,8
2119,1,4,6,9
2120,1,4,6,8
2121,3,4,6,8
2122,3,4,6,8
2123,1,4,6,8
2124,1,4,6,8
2125,1,4,6,9
2126,1,4,6,8
2127,1,4,6,9
2128,1,4,6,8
2129,1,4,6,8
2130,1,4,6,8
2131,1,4,6,8
2132,3,4,6,8
2133,1,4,6,8
2134,1,4,6,8
2135,1,4,6,8
2136,1,4,6,8
2137,3,4,6,8
2138,1,4,6,8
2139,1,4,6,8
2140,1,4,6,8
2141,1,4,6,8
2142,1,4,6,8
2143,3,4,6,8
2144,1,4,6,8
2145,1,4,6,8
2146,3,4,6,8
2147,1,4,6,8
2148,3,4,6,8
2149,1,4,6,8
2150,1,4,6,8
2151,1,4,6,8
2152,1,4,6,8
2153,1,4,6,8
2154,1,4,6,8
2155,1,4,6,8
2156,1,4,6,8
2157,1,4,6,8
2158,1,4,6,8
2159,1,4,6,8
2160,3,4,6,9
2161,1,4,6,8
2162,1,4,6,8
2163,1,4,6,8
2164,1,4,6,8
2165,1,4,6,8
2166,1,4,6,8
2167,1,4,6,8
2168,1,4,6,8
2169,1,4,6,8
2170,3,4,6,8
2171,1,4,6,8
2172,1,4,6,8
2173,1,4,6,8
2174,3,4,6,8
2175,1,4,6,8
2176,3,4,6,8
2177,1,4,6,8
2178,3,4,6,8
2179,1,4,6,8
2180,1,4,6,8
2181,1,4,6,8
2182,1,4,6,8
2183,1,4,6,8
2184,3,4,6,8
2185,1,4,6,8
2186,1,4,6,8
2187,1,4,6,8
2188,1,4,6,8
2189,1,4,6,8
2190,1,4,6,8
2191,1,4,6,9
2192,1,4,6,9
2193,1,4,6,8
2194,1,4,6,8
2195,1,4,6,9
2196,1,4,6,9
2197,1,4,6,8
2198,1,4,6,9
2199,1,4,6,8
2200,3,4,6,8
2201,1,4,6,8
2202,1,4,6,8
2203,1,4,6,9
2204,1,4,6,8
2205,1,4,6,8
2206,1,4,6,8
2207,1,4,6,9
2208,1,4,6,8
2209,1,4,6,8
2210,1,4,6,8
2211,1,4,6,8
2212,1,4,6,8
2213,1,4,6,9
2214,1,4,6,8
2215,1,4,6,8
2216,1,4,6,8
2217,1,4,6,8
2218,1,4,6,9
2219,1,4,6,8
2220,1,4,6,8
2221,1,4,6,8
2222,1,4,6,9
2223,1,4,6,8
2224,1,4,6,8
2225,1,4,6,8
2226,1,4,6,8
2227,1,4,6,8
2228,1,4,6,8
2229,1,4,6,9
2230,1,4,6,8
2231,1,4,6,8
2232,3,4,6,9
2233,1,4,6,8
2234,1,4,6,9
2235,3,4,6,8
2236,1,4,6,8
2237,1,4,6,8
2238,1,4,6,9
2239,1,4,7,9
2240,1,4,6,8
2241,3,4,6,8
2242,1,4,6,8
2243,0,4,6,9
2244,1,4,6,8
2245,1,4,6,8
2246,1,4,6,8
2247,1,4,6,8
2248,1,4,6,8
2249,1,4,6,8
2250,1,4,6,8
2251,2,4,6,8
2252,1,4,6,8
2253,1,4,6,8
2254,1,4,6,8
2255,1,4,6,8
2256,1,4,6,8
2257,3,4,6,9
2258,1,4,6,8
2259,1,4,6,9
2260,1,4,6,9
2261,1,4,6,8
2262,1,4,6,8
2263,1,4,6,8
2264,3,4,6,8
2265,1,4,6,8
2266,1,4,6,8
2267,1,4,6,9
2268,1,4,6,8
2269,1,4,6,8
2270,1,4,6,8
2271,1,4,6,8
2272,1,4,6,8
2273,1,4,6,9
2274,1,4,6,8
2275,1,4,6,8
2276,1,4,6,8
2277,1,4,6,8
2278,1,4,6,8
2279,3,4,6,8
2280,1,4,6,8
2281,1,4,6,8
2282,1,4,6,8
2283,1,4,6,8
2284,1,4,6,9
2285,1,4,6,8
2286,1,4,6,9
2287,1,4,6,8
2288,1,4,6,8
2289,3,4,6,9
2290,1,4,6,8
2291,1,4,6,8
2292,3,4,6,9
2293,1,4,6,8
2294,1,4,6,9
2295,1,4,6,8
2296,1,4,6,8
2297,1,4,6,9
2298,1,4,6,8
2299,1,4,6,8
2300,1,4,6,8
2301,1,4,6,8
2302,1,4,7,9
2303,1,4,7,9
2304,1,4,6,8
2305,1,4,6,8
2306,1,4,6,8
2307,3,4,6,8
2308,1,4,6,8
2309,1,4,6,8
2310,1,4,6,8
2311,1,4,6,8
2312,1,4,6,8
2313,1,4,6,8
2314,1,4,6,8
2315,1,4,6,8
2316,1,4,6,9
2317,1,4,6,8
2318,1,4,6,8
2319,1,4,6,8
2320,1,4,6,8
2321,1,4,6,8
2322,1,4,6,9
2323,1,4,6,8
2324,1,4,6,8
2325,1,4,6,8
2326,1,4,6,8
2327,1,4,6,9
2328,3,4,6,8
2329,1,4,6,9
2330,1,4,6,8
2331,1,4,6,9
2332,1,4,6,8
2333,1,4,6,9
2334,1,4,6,8
2335,1,4,6,8
2336,1,4,6,8
2337,3,4,6,9
2338,1,4,6,9
2339,1,4,6,8
2340,3,4,6,8
2341,1,4,6,8
2342,1,4,6,8
2343,3,4,6,8
2344,1,4,6,8
2345,1,4,6,8
2346,1,4,6,8
2347,1,4,6,8
2348,1,4,6,9
2349,1,4,6,8
2350,1,4,6,8
2351,1,4,6,9
2352,1,4,6,8
2353,1,4,6,8
2354,1,4,6,8
2355,1,4,6,8
2356,1,4,6,8
2357,1,4,6,8
2358,3,4,6,8
2359,0,4,6,8
2360,1,4,6,8
2361,1,4,6,8
2362,1,4,6,8
2363,1,4,6,8
2364,3,4,6,8
2365,1,4,6,8
2366,1,4,6,9
2367,1,4,6,9
2368,1,4,6,9
2369,1,4,6,8
2370,1,4,6,9
2371,1,4,6,8
2372,1,4,6,8
2373,1,4,6,8
2374,1,4,6,8
2375,1,4,6,9
2376,1,4,6,8
2377,1,4,6,9
2378,1,4,6,9
2379,1,4,6,8
2380,1,4,6,8
2381,1,4,6,9
2382,1,4,6,8
2383,1,4,6,8
2384,1,4,6,8
2385,1,4,6,8
2386,1,4,7,9
2387,3,4,6,8
2388,1,4,6,9
2389,1,4,6,8
2390,1,4,6,8
2391,1,4,6,8
2392,1,4,6,8
2393,3,4,6,8
2394,1,4,6,8
2395,3,4,6,8
2396,1,4,6,8
2397,3,4,6,8
2398,1,4,6,9
2399,1,4,6,8
2400,1,4,6,8
2401,1,4,6,8
2402,1,4,6,8
2403,1,4,6,9
2404,1,4,6,8
2405,1,4,6,8
2406,1,4,6,9
2407,1,4,6,8
2408,1,4,6,8
2409,1,4,6,9
2410,1,4,6,8
2411,1,4,6,8
2412,1,4,6,9
2413,1,4,6,8
2414,1,4,6,9
2415,1,4,6,8
2416,1,4,6,8
2417,1,4,6,8
2418,1,4,6,8
2419,3,4,6,9
2420,1,4,6,8
2421,3,4,6,8
2422,1,4,6,8
2423,1,4,6,8
2424,1,4,6,8
2425,1,4,6,9
2426,1,4,6,8
2427,1,4,6,8
2428,1,4,6,8
2429,1,4,6,8
2430,1,4,6,8
2431,1,4,6,8
2432,3,4,6,9
2433,1,4,6,8
2434,1,4,6,8
2435,1,4,6,8
2436,1,4,6,9
2437,1,4,6,8
2438,1,4,6,8
2439,1,4,6,8
2440,1,4,6,8
2441,1,4,6,8
2442,1,4,6,8
2443,1,4,6,8
2444,1,4,6,8
2445,1,4,6,8
2446,1,4,6,8
2447,1,4,6,8
2448,1,4,6,9
2449,0,4,6,8
2450,1,4,6,9
2451,3,4,6,8
2452,1,4,6,8
2453,1,4,6,9
2454,1,4,6,8
2455,3,4,6,8
2456,1,4,6,8
2457,1,4,6,8
2458,1,4,6,8
2459,1,4,6,8
2460,1,4,6,8
2461,1,4,6,9
2462,1,4,6,8
2463,1,4,6,8
2464,1,4,6,9
2465,3,4,6,9
2466,1,4,6,8
2467,3,4,6,8
2468,1,4,6,8
2469,1,4,6,8
2470,1,4,6,8
2471,2,4,6,8
2472,1,4,6,8
2473,1,4,6,8
2474,1,4,6,9
2475,1,4,6,8
2476,1,4,7,9
2477,1,4,6,9
2478,1,4,6,9
2479,1,4,6,8
2480,1,4,6,9
2481,1,4,6,8
2482,1,4,6,8
2483,3,4,6,8
2484,1,4,6,8
2485,1,4,6,8
2486,1,4,6,8
2487,3,4,6,8
2488,1,4,6,8
2489,1,4,6,8
2490,1,4,6,8
2491,1,4,6,8
2492,1,4,6,8
2493,1,4,6,9
2494,1,4,6,8
2495,1,4,6,8
2496,1,4,6,8
2497,2,4,6,8
2498,1,4,6,8
2499,1,4,6,8
2500,1,4,6,9
2501,1,4,6,8
2502,3,4,6,8
2503,3,4,6,8
2504,3,4,6,8
2505,1,4,6,8
2506,1,4,6,8
2507,1,4,6,8
2508,1,4,6,8
2509,1,4,6,8
2510,1,4,6,9
2511,1,4,6,9
2512,1,4,6,8
2513,1,4,6,8
2514,1,4,6,8
2515,1,4,6,8
2516,1,4,6,8
2517,1,4,6,8
2518,1,4,6,8
2519,1,4,6,8
2520,1,4,6,8
2521,1,4,6,8
2522,1,4,6,8
2523,1,4,6,8
2524,1,4,6,9
2525,1,4,6,8
2526,3,4,6,8
2527,1,4,6,9
2528,1,4,6,8
2529,1,4,6,8
2530,1,4,6,8
2531,1,4,6,8
2532,1,4,6,8
2533,1,4,6,8
2534,1,4,6,8
2535,1,4,6,8
2536,1,4,6,9
2537,1,4,6,9
2538,1,4,6,8
2539,1,4,6,8
2540,1,4,6,8
2541,1,4,6,8
2542,1,4,6,8
2543,1,4,6,9
2544,1,4,6,9
2545,1,4,6,8
2546,1,4,6,8
2547,1,4,6,8
2548,1,4,6,8
2549,1,4,6,8
2550,1,4,6,8
2551,1,4,6,8
2552,1,4,6,8
2553,1,4,6,8
2554,1,4,6,9
2555,1,4,6,8
2556,1,4,6,8
2557,3,4,6,8
2558,1,4,6,8
2559,1,4,6,9
2560,1,4,6,8
2561,1,4,6,8
2562,1,4,6,9
2563,1,4,6,9
2564,1,4,6,8
2565,3,4,6,8
2566,1,4,6,8
2567,1,4,6,8
2568,1,4,6,8
2569,1,4,6,8
2570,1,4,6,8
2571,1,4,6,8
2572,1,4,6,8
2573,1,4,6,8
2574,1,4,6,8
2575,1,4,6,8
2576,3,4,6,8
2577,1,4,6,9
2578,1,4,6,9
2579,1,4,6,8
2580,1,4,6,9
2581,1,4,6,8
2582,1,4,6,8
2583,1,4,6,8
2584,3,4,6,8
2585,1,4,6,8
2586,1,4,6,8
2587,1,4,6,8
2588,1,4,6,8
2589,1,4,6,8
2590,1,4,6,8
2591,1,4,6,8
2592,1,4,6,8
2593,1,4,6,8
2594,3,4,6,8
2595,1,4,6,9
2596,3,4,6,8
2597,1,4,6,8
2598,1,4,6,9
2599,1,4,6,8
2600,1,4,6,8
2601,0,4,6,8
2602,1,4,6,8
2603,1,4,6,8
2604,1,4,6,8
2605,1,4,6,8
2606,1,4,6,8
2607,1,4,6,8
2608,3,4,6,8
2609,3,4,6,8
2610,3,4,6,8
2611,1,4,6,8
2612,1,4,6,8
2613,1,4,6,9
2614,1,4,6,8
2615,1,4,6,8
2616,1,4,6,9
2617,1,4,6,9
2618,1,4,6,8
2619,1,4,6,8
2620,1,4,6,9
2621,1,4,6,8
2622,3,4,6,8
2623,1,4,6,8
2624,1,4,6,8
2625,1,4,6,8
2626,1,4,6,8
2627,1,4,6,8
2628,1,4,6,8
2629,1,4,6,8
2630,1,4,6,8
2631,1,4,6,8
2632,1,4,6,8
2633,1,4,6,8
2634,1,4,6,8
2635,1,4,6,8
2636,1,4,6,8
2637,1,4,6,8
2638,1,4,7,9
2639,1,4,6,9
2640,1,4,6,8
2641,1,4,6,8
2642,1,4,6,9
2643,3,4,6,8
2644,3,4,7,9
2645,1,4,6,9
2646,1,4,6,8
2647,1,4,6,8
2648,1,4,6,8
2649,3,4,6,8
2650,1,4,6,8
2651,1,4,6,8
2652,1,4,6,8
2653,1,4,6,8
2654,1,4,6,8
2655,3,4,6,8
2656,1,4,6,8
2657,1,4,6,8
2658,1,4,6,8
2659,3,4,6,8
2660,1,4,6,9
2661,1,4,6,9
2662,1,4,6,8
2663,1,4,6,8
2664,3,4,6,8
2665,1,4,6,9
2666,1,4,6,8
2667,1,4,6,8
2668,1,4,6,8
2669,1,4,6,8
2670,3,4,6,8
2671,1,4,6,8
2672,1,4,6,8
2673,1,4,6,8
2674,1,4,6,8
2675,1,4,6,8
2676,1,4,6,8
2677,0,4,6,8
2678,1,4,6,9
2679,1,4,6,8
2680,1,4,6,8
2681,1,4,6,8
2682,1,4,6,8
2683,1,4,6,9
2684,1,4,6,8
2685,1,4,6,8
2686,1,4,6,8
2687,1,4,6,8
2688,1,4,6,8
2689,1,4,6,9
2690,1,4,6,8
2691,3,4,6,8
2692,1,4,6,9
2693,1,4,6,8
2694,1,4,6,8
2695,1,4,6,8
2696,1,4,6,8
2697,1,4,6,8
2698,1,4,6,8
2699,1,4,6,8
2700,1,4,6,8
2701,1,4,6,9
2702,1,4,6,8
2703,1,4,6,9
2704,1,4,6,9
2705,1,4,6,8
2706,3,4,6,8
2707,3,4,6,9
2708,1,4,6,8
2709,1,4,6,8
2710,1,4,6,8
2711,1,4,6,8
2712,1,4,6,8
2713,3,4,6,8
2714,1,4,6,9
2715,1,4,6,8
2716,1,4,6,8
2717,1,4,6,8
2718,3,4,6,8
2719,3,4,6,9
2720,3,4,6,9
2721,1,4,6,8
2722,1,4,6,8
2723,1,4,6,8
2724,1,4,6,8
2725,1,4,6,8
2726,1,4,6,8
2727,1,4,6,9
2728,1,4,6,8
2729,1,4,6,8
2730,1,4,6,8
2731,1,4,6,8
2732,3,4,6,8
2733,2,4,6,8
2734,1,4,6,8
2735,1,4,6,8
2736,1,4,6,8
2737,1,4,6,8
2738,3,4,6,8
2739,1,4,6,8
2740,1,4,6,9
2741,1,4,6,8
2742,3,4,6,9
2743,3,4,6,8
2744,1,4,6,8
2745,1,4,6,8
2746,1,4,6,8
2747,1,4,6,8
2748,1,4,6,8
2749,1,4,6,8
2750,1,4,6,8
2751,1,4,6,8
2752,1,4,6,8
2753,1,4,6,8
2754,1,4,6,8
2755,1,4,6,9
2756,1,4,6,8
2757,1,4,6,8
2758,1,4,6,9
2759,3,4,6,8
2760,1,4,6,8
2761,1,4,6,8
2762,1,4,6,8
2763,1,4,6,8
2764,1,4,6,8
2765,1,4,6,8
2766,1,4,6,8
2767,1,4,7,9
2768,1,4,6,8
2769,1,4,6,8
2770,1,4,6,8
2771,1,4,6,8
2772,1,4,6,8
2773,1,4,6,8
2774,1,4,6,8
2775,1,4,6,8
2776,3,4,6,8
2777,1,4,6,8
2778,1,4,6,8
2779,1,4,6,8
2780,1,4,6,8
2781,3,4,6,8
2782,3,4,6,8
2783,1,4,6,9
2784,1,4,6,8
2785,1,4,6,8
2786,1,4,6,8
2787,1,4,6,8
2788,1,4,6,8
2789,1,4,6,8
2790,1,4,6,8
2791,3,4,6,8
2792,1,4,6,8
2793,1,4,6,8
2794,1,4,6,9
2795,1,4,6,8
2796,1,4,6,8
2797,1,4,6,8
2798,1,4,6,8
2799,1,4,6,8
2800,1,4,7,9
2801,1,4,6,8
2802,1,4,6,9
2803,1,4,6,8
2804,1,4,6,8
2805,1,4,6,8
2806,1,4,6,8
2807,1,4,6,9
2808,3,4,6,9
2809,1,4,6,8
2810,1,4,6,8
2811,1,4,6,8
2812,1,4,6,9
2813,1,4,6,8
2814,1,4,6,8
2815,1,4,6,8
2816,1,4,6,8
2817,1,4,6,8
2818,1,4,6,8
2819,1,4,6,8
2820,1,4,6,9
2821,1,4,6,9
2822,1,4,6,8
2823,1,4,6,8
2824,1,4,6,8
2825,1,4,6,8
2826,1,4,6,8
2827,3,4,6,8
2828,1,4,6,8
2829,3,4,6,8
2830,1,4,6,8
2831,1,4,6,8
2832,1,4,6,8
2833,1,4,6,8
2834,1,4,6,8
2835,1,4,6,9
2836,1,4,6,9
2837,1,4,6,8
2838,1,4,6,8
2839,3,4,6,8
2840,1,4,6,8
2841,1,4,6,8
2842,1,4,6,8
2843,1,4,6,8
2844,1,4,6,8
2845,3,4,6,8
2846,1,4,6,8
2847,3,4,6,8
2848,3,4,6,8
2849,1,4,6,8
2850,3,4,6,8
2851,1,4,6,9
2852,1,4,6,8
2853,1,4,6,8
2854,1,4,6,8
2855,1,4,6,9
2856,1,4,6,8
2857,1,4,6,8
2858,1,4,6,8
2859,1,4,6,9
2860,1,4,7,9
2861,1,4,6,8
2862,1,4,6,8
2863,1,4,6,8
2864,1,4,6,8
2865,1,4,7,9
2866,1,4,6,8
2867,1,4,6,8
2868,1,4,6,8
2869,1,4,6,8
2870,1,4,6,8
2871,1,4,6,8
2872,1,4,6,8
2873,1,4,6,9
2874,1,4,6,8
2875,1,4,6,8
2876,1,4,6,9
2877,1,4,6,9
2878,3,4,6,8
2879,1,4,6,8
2880,1,4,6,8
2881,1,4,6,8
2882,1,4,6,8
2883,1,4,6,8
2884,3,4,6,9
2885,1,4,6,8
2886,3,4,6,8
2887,1,4,6,8
2888,1,4,6,8
2889,1,4,6,8
2890,1,4,6,8
2891,1,4,6,8
2892,1,4,6,8
2893,3,4,6,8
2894,1,4,6,9
2895,1,4,6,8
2896,1,4,6,8
2897,1,4,6,9
2898,1,4,6,8
2899,1,4,6,8
2900,1,4,6,8
2901,1,4,6,8
2902,1,4,6,9
2903,3,4,6,8
2904,3,4,6,8
2905,1,4,6,8
2906,1,4,6,8
2907,1,4,6,8
2908,1,4,6,8
2909,1,4,6,8
2910,1,4,6,8
2911,1,4,6,8
2912,1,4,6,8
2913,1,4,6,8
2914,1,4,6,8
2915,3,4,6,8
2916,3,4,6,8
2917,1,4,6,8
2918,1,4,6,8
2919,1,4,6,9
2920,1,4,6,8
2921,2,5,6,8
2922,1,4,6,8
2923,1,4,6,8
2924,1,4,6,8
2925,2,4,6,8
2926,1,4,6,8
2927,1,4,6,8
2928,1,4,6,8
2929,1,4,6,8
2930,1,4,6,9
2931,1,4,6,8
2932,1,4,6,9
2933,0,4,6,8
2934,1,4,6,9
2935,0,4,6,8
2936,1,4,6,8
2937,1,4,6,8
2938,1,4,6,8
2939,1,4,6,8
2940,1,4,6,8
2941,1,4,6,8
2942,1,4,6,8
2943,1,4,6,8
2944,1,4,6,8
2945,3,4,6,9
2946,3,4,6,8
2947,1,4,6,8
2948,1,4,6,8
2949,1,4,6,8
2950,1,4,6,8
2951,1,4,6,8
2952,3,4,6,8
2953,1,4,6,8
2954,1,4,6,8
2955,1,4,6,8
2956,1,4,6,8
2957,1,4,6,8
2958,1,4,6,9
2959,1,4,6,8
2960,1,4,6,8
2961,1,4,6,8
2962,1,4,6,8
2963,1,4,6,8
2964,1,4,6,8
2965,1,4,6,8
2966,1,4,6,8
2967,0,4,6,9
2968,1,4,6,8
2969,1,4,6,8
2970,1,4,6,8
2971,1,4,6,8
2972,3,4,6,8
2973,1,4,6,9
2974,1,4,6,8
2975,1,4,6,8
2976,1,4,6,9
2977,1,4,6,8
2978,1,4,6,8
2979,1,4,6,8
2980,3,4,6,8
2981,1,4,6,8
2982,3,4,6,8
2983,1,4,6,8
2984,1,4,6,8
2985,0,4,6,8
2986,1,4,6,8
2987,0,4,6,8
2988,1,4,6,8
2989,3,4,7,9
2990,1,4,6,8
2991,1,4,6,8
2992,1,4,6,8
2993,1,4,6,8
2994,1,4,6,8
2995,1,4,6,8
2996,1,4,6,8
2997,1,4,6,8
2998,1,4,6,8
2999,1,4,7,8
3000,1,4,6,8
3001,1,4,6,8
3002,1,4,6,8
3003,1,4,6,8
3004,1,4,6,8
3005,1,4,6,8
3006,1,4,6,9
3007,1,4,6,8
3008,1,4,6,8
3009,1,4,6,8
3010,1,4,6,9
3011,1,4,6,8
3012,1,4,6,8
3013,1,4,6,8
3014,1,4,6,8
3015,1,4,6,8
3016,1,4,6,8
3017,1,4,6,8
3018,1,4,6,8
3019,1,4,6,9
3020,1,4,6,8
3021,1,4,6,8
3022,3,4,6,8
3023,1,4,6,8
3024,1,4,6,8
3025,1,4,6,8
3026,1,4,6,8
3027,1,4,6,8
3028,1,4,6,9
3029,1,4,6,8
3030,1,4,6,8
3031,1,4,6,9
3032,3,4,6,8
3033,1,4,6,8
3034,1,4,6,8
3035,1,4,6,9
3036,1,4,6,8
3037,1,4,6,8
3038,3,4,6,9
3039,1,4,6,8
3040,1,4,6,8
3041,1,4,6,8
3042,1,4,6,8
3043,1,4,6,8
3044,1,4,6,8
3045,1,4,7,9
3046,1,4,6,8
3047,3,4,6,9
3048,1,4,6,8
3049,1,4,6,8
3050,1,4,6,8
3051,1,4,6,8
3052,1,4,6,8
3053,1,4,6,8
3054,1,4,6,8
3055,1,4,6,8
3056,1,4,6,8
3057,1,4,6,8
3058,3,4,6,8
3059,1,4,6,8
3060,1,4,6,8
3061,1,4,6,9
3062,1,4,6,8
3063,1,4,6,8
3064,1,4,6,8
3065,3,4,6,8
3066,1,4,6,8
3067,1,4,6,9
3068,3,4,6,9
3069,1,4,6,8
3070,1,4,6,8
3071,0,4,6,8
3072,1,4,6,8
3073,1,4,6,8
3074,1,4,6,8
3075,3,4,6,8
3076,1,4,6,8
3077,1,4,6,8
3078,1,4,6,9
3079,3,4,6,8
3080,1,4,6,8
3081,1,4,6,8
3082,1,4,6,8
3083,1,4,6,8
3084,1,4,6,9
3085,1,4,6,8
3086,3,4,6,8
3087,1,4,6,8
3088,1,4,6,8
3089,1,4,6,8
3090,1,4,6,8
3091,1,4,6,8
3092,1,4,6,9
3093,1,4,6,9
3094,3,4,6,9
3095,3,4,6,8
3096,1,4,6,8
3097,1,4,6,8
3098,3,4,6,8
3099,1,4,6,8
3100,1,4,6,8
3101,1,4,6,8
3102,3,4,6,8
3103,1,4,6,8
3104,1,4,6,8
3105,1,4,6,8
3106,1,4,6,8
3107,1,4,6,8
3108,1,4,6,8
3109,1,4,6,8
3110,1,4,6,8
3111,1,4,6,8
3112,1,4,6,8
3113,1,4,6,8
3114,1,4,6,8
3115,1,4,6,8
3116,1,4,6,9
3117,1,4,6,9
3118,1,4,6,8
3119,1,4,6,8
3120,1,4,6,8
3121,1,4,6,8
3122,3,4,6,9
3123,1,4,6,8
3124,3,4,6,8
3125,1,4,6,8
3126,1,4,6,9
3127,1,4,6,8
3128,1,4,6,8
3129,1,4,6,8
3130,1,4,6,8
3131,1,4,6,8
3132,1,4,6,8
3133,1,4,6,8
3134,1,4,6,9
3135,1,4,6,8
3136,3,4,6,8
3137,1,4,6,8
3138,1,4,6,8
3139,1,4,6,8
3140,3,4,6,8
3141,1,4,6,8
3142,3,4,6,8
3143,1,4,6,8
3144,3,4,6,8
3145,1,4,6,8
3146,3,4,6,8
3147,1,4,6,8
3148,1,4,6,8
3149,3,4,6,8
3150,1,4,6,8
3151,1,4,6,9
3152,1,4,6,8
3153,1,4,6,8
3154,1,4,6,8
3155,1,4,6,8
3156,1,4,6,8
3157,3,4,6,8
3158,3,4,6,8
3159,1,4,6,9
3160,1,4,6,8
3161,1,4,6,8
3162,1,4,6,8
3163,1,4,6,9
3164,1,4,6,8
3165,1,4,6,8
3166,1,4,6,8
3167,1,4,6,8
3168,1,4,6,8
3169,1,4,6,8
3170,1,4,6,8
3171,3,4,6,8
3172,1,4,6,8
3173,1,4,6,8
3174,1,4,6,8
3175,1,4,6,8
3176,1,4,6,8
3177,1,4,6,8
3178,1,4,6,8
3179,1,4,6,8
3180,1,4,6,9
3181,1,4,6,8
3182,3,4,6,8
3183,1,4,6,8
3184,1,4,6,8
3185,1,4,6,8
3186,1,4,6,8
3187,1,4,7,9
3188,1,4,6,8
3189,3,4,6,8
3190,3,4,6,9
3191,1,4,6,9
3192,1,4,6,8
3193,3,4,6,8
3194,1,4,6,8
3195,1,4,6,8
3196,1,4,6,8
3197,1,4,6,8
3198,1,4,6,8
3199,1,4,6,8
3200,1,4,6,8
3201,1,4,6,8
3202,1,4,6,8
3203,1,4,6,8
3204,1,4,6,8
3205,1,4,6,8
3206,1,4,6,9
3207,3,4,6,8
3208,1,4,6,8
3209,1,4,6,9
3210,1,4,6,8
3211,1,4,6,8
3212,1,4,6,8
3213,1,4,6,9
3214,1,4,6,8
3215,1,4,6,8
3216,1,4,6,9
3217,1,4,6,9
3218,1,4,6,8
3219,1,4,6,8
3220,1,4,6,8
3221,1,4,6,8
3222,1,4,6,9
3223,1,4,6,8
3224,1,4,6,8
3225,1,4,6,8
3226,1,4,6,8
3227,1,4,6,8
3228,1,4,6,8
3229,1,4,6,8
3230,1,4,6,8
3231,1,4,6,8
3232,1,4,6,8
3233,3,4,6,8
3234,1,4,6,8
3235,1,4,6,8
3236,1,4,6,9
3237,1,4,6,8
3238,1,4,6,8
3239,3,4,6,9
3240,1,4,6,8
3241,1,4,6,8
3242,1,4,6,9
3243,1,4,6,8
3244,1,4,6,8
3245,1,4,6,9
3246,3,4,6,8
3247,1,4,6,8
3248,1,4,6,8
3249,1,4,6,9
3250,1,4,6,8
3251,3,4,6,8
3252,1,4,6,9
3253,1,4,6,8
3254,1,4,6,8
3255,1,4,6,8
3256,1,4,6,8
3257,1,4,6,8
3258,1,4,6,8
3259,1,4,6,9
3260,3,4,6,8
3261,3,4,6,8
3262,1,4,6,8
3263,1,4,6,8
3264,1,4,6,8
3265,1,4,6,8
3266,1,4,6,8
3267,1,4,6,8
3268,1,4,6,8
3269,3,4,6,8
3270,1,4,6,8
3271,1,4,6,8
3272,1,4,6,8
3273,3,4,6,8
3274,1,4,6,8
3275,1,4,6,8
3276,1,4,6,9
3277,1,4,6,8
3278,1,4,6,8
3279,1,4,6,8
3280,1,4,6,8
3281,1,4,6,8
3282,1,4,6,8
3283,1,4,6,8
3284,1,4,6,9
3285,0,4,6,8
3286,3,4,6,9
3287,3,4,6,8
3288,3,4,6,8
3289,1,4,6,8
3290,1,4,6,8
3291,1,4,6,8
3292,1,4,6,8
3293,1,4,6,8
3294,1,4,6,9
3295,1,4,6,8
3296,3,4,6,8
3297,1,4,6,8
3298,1,4,6,8
3299,1,4,6,8
3300,1,4,6,8
3301,1,4,6,8
3302,1,4,6,9
3303,1,4,6,8
3304,1,4,6,9
3305,3,4,6,8
3306,1,4,6,8
3307,3,4,6,8
3308,1,4,6,9
3309,1,4,6,8
3310,1,4,6,8
3311,1,4,6,8
3312,1,4,6,8
3313,1,4,6,8
3314,1,4,6,8
3315,1,4,6,8
3316,1,4,6,8
3317,1,4,6,8
3318,1,4,6,8
3319,1,4,6,9
3320,1,4,6,8
3321,3,4,6,9
3322,1,4,6,9
3323,1,4,6,8
3324,1,4,6,8
3325,1,4,6,8
3326,0,4,6,8
3327,1,4,6,8
3328,1,4,6,8
3329,1,4,6,8
3330,1,4,6,8
3331,1,4,6,8
3332,3,4,6,8
3333,3,4,6,8
3334,1,4,6,8
3335,1,4,6,8
3336,1,4,6,8
3337,1,4,6,8
3338,3,4,6,8
3339,1,4,6,8
3340,1,4,6,8
3341,1,4,6,9
3342,1,4,6,8
3343,1,4,6,8
3344,3,4,6,8
3345,1,4,6,8
3346,1,4,6,8
3347,1,4,6,8
3348,1,4,6,8
3349,1,4,6,8
3350,3,4,6,8
3351,1,4,6,8
3352,1,4,6,8
3353,1,4,6,8
3354,1,4,6,8
3355,1,4,6,8
3356,1,4,6,9
3357,1,4,6,8
3358,0,4,6,8
3359,1,4,6,8
3360,1,4,6,9
3361,3,4,6,8
3362,1,4,6,8
3363,1,4,6,9
3364,1,4,6,8
3365,1,4,6,8
3366,1,4,6,9
3367,1,4,6,8
3368,1,4,6,8
3369,1,4,6,8
3370,1,4,6,8
3371,1,4,6,8
3372,1,4,6,8
3373,0,4,6,8
3374,1,4,6,8
3375,1,4,6,8
3376,3,4,6,9
3377,3,4,6,8
3378,1,4,6,8
3379,1,4,6,8
3380,1,4,6,8
3381,3,4,6,8
3382,1,4,6,9
3383,1,4,6,8
3384,1,4,6,8
3385,1,4,6,8
3386,1,4,6,9
3387,3,4,6,8
3388,1,4,6,8
3389,1,4,6,8
3390,1,4,6,8
3391,1,4,6,8
3392,1,4,6,9
3393,1,4,6,8
3394,1,4,6,8
3395,1,4,6,8
3396,1,4,6,8
3397,1,4,6,8
3398,1,4,6,8
3399,1,4,6,8
3400,1,4,6,8
3401,3,4,6,8
3402,1,4,6,8
3403,1,4,6,8
3404,1,4,6,8
3405,1,4,6,8
3406,1,4,6,8
3407,1,4,6,8
3408,1,4,6,8
3409,1,4,7,9
3410,1,4,6,8
3411,1,4,6,8
3412,3,4,6,8
3413,1,4,6,8
3414,1,4,6,8
3415,1,4,6,8
3416,1,4,6,8
3417,1,4,6,8
3418,1,4,6,8
3419,3,4,6,8
3420,1,4,6,8
3421,1,4,6,8
3422,3,4,6,8
3423,1,4,6,8
3424,1,4,6,8
3425,3,4,6,8
3426,1,4,6,8
3427,1,4,6,8
3428,1,4,6,8
3429,1,4,6,8
3430,1,4,6,8
3431,1,4,6,8
3432,1,4,6,8
3433,1,4,6,8
3434,1,4,6,8
3435,1,4,6,8
3436,3,4,6,8
3437,1,4,6,8
3438,1,4,6,8
3439,1,4,6,8
3440,1,4,6,8
3441,1,4,6,8
3442,1,4,6,8
3443,1,4,6,8
3444,1,4,6,8
3445,1,4,6,8
3446,1,4,6,8
3447,1,4,6,8
3448,1,4,6,8
3449,1,4,6,8
3450,1,4,6,8
3451,1,4,6,8
3452,1,4,6,8
3453,1,4,6,8
3454,1,4,6,8
3455,1,4,6,8
3456,1,4,6,8
3457,1,4,6,8
3458,1,4,6,8
3459,1,4,6,8
3460,1,4,6,9
3461,1,4,6,8
3462,1,4,6,8
3463,1,4,6,9
3464,1,4,6,8
3465,3,4,6,8
3466,1,4,6,8
3467,1,4,6,8
3468,1,4,6,8
3469,1,4,6,8
3470,1,4,6,9
3471,1,4,6,8
3472,1,4,6,9
3473,1,4,6,8
3474,1,4,6,8
3475,3,4,6,8
3476,3,4,6,8
3477,1,4,6,8
3478,1,4,6,9
3479,1,4,6,9
3480,1,4,6,8
3481,1,4,6,9
3482,1,4,6,8
3483,1,4,6,8
3484,1,4,6,8
3485,1,4,6,8
3486,1,4,6,8
3487,3,4,6,8
3488,1,4,6,8
3489,3,4,6,8
3490,3,4,6,8
3491,1,4,6,8
3492,1,4,6,8
3493,1,4,6,8
3494,1,4,6,9
3495,1,4,6,9
3496,1,4,6,9
3497,1,4,6,8
3498,1,4,6,8
3499,1,4,6,8
3500,1,4,6,8
3501,1,4,6,8
3502,1,4,6,8
3503,1,4,6,9
3504,1,4,6,9
3505,1,4,6,8
3506,1,4,6,8
3507,1,4,6,8
3508,1,4,6,8
3509,1,4,6,8
3510,1,4,6,8
3511,1,4,6,9
3512,1,4,6,8
3513,1,4,6,8
3514,1,4,6,8
3515,1,4,6,8
3516,2,4,6,9
3517,1,4,6,8
3518,1,4,6,8
3519,3,4,6,8
3520,1,4,6,8
3521,1,4,6,9
3522,1,4,6,8
3523,3,4,6,8
3524,1,4,6,8
3525,1,4,6,9
3526,1,4,6,9
3527,1,4,6,8
3528,1,4,6,8
3529,3,4,6,8
3530,1,4,6,8
3531,1,4,6,8
3532,1,4,6,8
3533,3,4,6,8
3534,1,4,6,8
3535,1,4,6,8
3536,1,4,6,8
3537,1,4,6,8
3538,1,4,6,8
3539,1,4,6,8
3540,1,4,6,8
3541,1,4,6,8
3542,1,4,6,8
3543,1,4,6,8
3544,3,4,6,8
3545,1,4,6,8
3546,1,4,6,8
3547,1,4,6,8
3548,1,4,6,8
3549,1,4,6,8
3550,1,4,6,8
3551,1,4,6,8
3552,1,4,6,8
3553,1,4,6,9
3554,1,4,6,9
3555,1,4,6,9
3556,1,4,6,8
3557,1,4,6,8
3558,1,4,6,9
3559,1,4,6,8
3560,1,4,6,8
3561,3,4,6,8
3562,3,4,6,8
3563,1,4,6,8
3564,1,4,6,8
3565,1,4,6,8
3566,1,4,6,8
3567,1,4,6,8
3568,1,4,6,8
3569,1,4,6,9
3570,1,4,6,8
3571,1,4,6,8
3572,3,4,6,8
3573,1,4,6,8
3574,3,4,6,8
3575,3,4,6,9
3576,1,4,6,8
3577,1,4,6,8
3578,1,4,6,9
3579,1,4,6,8
3580,3,4,6,8
3581,1,4,6,8
3582,1,4,6,8
3583,1,4,6,8
3584,1,4,6,9
3585,1,4,6,8
3586,3,4,6,8
3587,1,4,6,9
3588,1,4,6,8
3589,1,4,6,8
3590,1,4,6,8
3591,1,4,6,8
3592,1,4,6,8
3593,1,4,6,8
3594,1,4,6,9
3595,1,4,6,9
3596,1,4,6,8
3597,1,4,6,8
3598,1,4,6,9
3599,1,4,6,8
3600,1,4,6,8
3601,1,4,6,9
3602,1,4,6,8
3603,1,4,6,8
3604,1,4,6,8
3605,1,4,6,8
3606,1,4,6,8
3607,1,4,6,8
3608,1,4,6,9
3609,1,4,6,8
3610,1,4,6,8
3611,1,4,6,8
3612,3,4,6,9
3613,1,4,6,8
3614,1,4,6,8
3615,1,4,6,8
3616,1,4,6,8
3617,3,4,6,8
3618,1,4,6,8
3619,3,4,6,9
3620,1,4,6,8
3621,1,4,6,8
3622,1,4,6,8
3623,1,4,6,8
3624,1,4,6,8
3625,3,4,6,8
3626,1,4,6,8
3627,1,4,6,8
3628,1,4,6,8
3629,1,4,6,8
3630,1,4,6,8
3631,1,4,6,8
3632,1,4,6,8
3633,1,4,6,8
3634,1,4,6,8
3635,1,4,6,9
3636,1,4,6,8
3637,1,4,6,8
3638,1,4,6,8
3639,1,4,6,8
3640,1,4,6,8
3641,1,4,6,8
3642,1,4,6,8
3643,1,4,6,9
3644,3,4,6,8
3645,1,4,6,8
3646,1,4,6,8
3647,3,4,6,8
3648,1,4,6,8
3649,1,4,6,8
3650,1,4,6,8
3651,1,4,6,8
3652,1,4,6,8
3653,1,4,6,8
3654,3,4,6,8
3655,1,4,6,9
3656,1,4,6,8
3657,1,4,6,8
3658,1,4,6,8
3659,1,4,6,8
3660,1,4,6,8
3661,1,4,6,8
3662,1,4,6,9
3663,1,4,6,9
3664,3,4,6,8
3665,1,4,6,8
3666,1,4,6,8
3667,1,4,6,8
3668,1,4,6,8
3669,1,4,6,8
3670,1,4,6,8
3671,1,4,6,8
3672,3,4,6,9
3673,1,4,6,8
3674,1,4,6,9
3675,1,4,6,8
3676,1,4,6,8
3677,1,4,6,8
3678,1,4,6,9
3679,1,4,6,9
3680,1,4,6,9
3681,1,4,6,8
3682,1,4,6,8
3683,1,4,6,8
3684,1,4,6,8
3685,1,4,6,8
3686,1,4,6,8
3687,3,4,6,8
3688,1,4,6,8
3689,1,4,6,8
3690,1,4,6,8
3691,1,4,6,8
3692,1,4,6,8
3693,1,4,6,8
3694,1,4,6,8
3695,1,4,6,8
3696,1,4,6,8
3697,3,4,6,9
3698,1,4,6,8
3699,1,4,6,9
3700,1,4,6,9
3701,3,4,6,8
3702,3,4,6,8
3703,1,4,6,8
3704,1,4,6,8
3705,1,4,6,8
3706,1,4,6,8
3707,1,4,6,8
3708,1,4,6,8
3709,3,4,6,8
3710,1,4,6,8
3711,1,4,6,8
3712,1,4,6,8
3713,1,4,6,8
3714,1,4,6,8
3715,1,4,6,8
3716,1,4,6,8
3717,1,4,6,8
3718,1,4,6,9
3719,1,4,6,8
3720,1,4,7,9
3721,3,4,6,8
3722,1,4,6,8
3723,1,4,6,8
3724,1,4,6,8
3725,1,4,6,8
3726,1,4,6,8
3727,1,4,6,8
3728,1,4,6,8
3729,3,4,6,8
3730,1,4,6,8
3731,1,4,6,8
3732,1,4,6,8
3733,1,4,6,8
3734,1,4,6,8
3735,3,4,6,9
3736,1,4,6,8
3737,1,4,6,9
3738,1,4,6,9
3739,1,4,6,8
3740,1,4,6,8
3741,1,4,6,8
3742,3,4,6,8
3743,1,4,6,8
3744,1,4,6,8
3745,1,4,6,9
3746,1,4,6,8
3747,3,4,6,8
3748,1,4,6,8
3749,1,4,6,9
3750,1,4,6,8
3751,1,4,6,9
3752,1,4,6,8
3753,1,4,6,8
3754,3,4,6,8
3755,1,4,6,9
3756,1,4,6,8
3757,1,4,6,9
3758,1,4,6,8
3759,1,4,6,8
3760,1,4,6,9
3761,1,4,6,8
3762,1,4,6,9
3763,1,4,6,8
3764,1,4,6,8
3765,1,4,6,8
3766,1,4,6,9
3767,3,4,6,8
3768,1,4,6,8
3769,1,4,6,9
3770,1,4,6,8
3771,1,4,6,8
3772,1,4,6,8
3773,1,4,6,8
3774,1,4,6,8
3775,1,4,6,9
3776,3,4,6,9
3777,1,4,6,8
3778,3,4,6,8
3779,1,4,6,8
3780,1,4,6,8
3781,3,4,6,8
3782,1,4,6,9
3783,1,4,6,8
3784,1,4,6,8
3785,1,4,6,8
3786,3,4,6,8
3787,1,4,6,8
3788,1,4,6,9
3789,3,4,6,8
3790,1,4,6,8
3791,1,4,6,8
3792,3,4,6,8
3793,1,4,6,8
3794,1,4,6,8
3795,1,4,6,8
3796,1,4,6,8
3797,1,4,6,8
3798,1,4,6,9
3799,1,4,6,8
3800,1,4,6,8
3801,1,4,6,8
3802,1,4,6,8
3803,1,4,6,8
3804,1,4,6,8
3805,1,4,6,8
3806,1,4,6,8
3807,1,4,6,8
3808,1,4,6,8
3809,2,4,6,8
3810,1,4,6,9
3811,1,4,6,8
3812,1,4,6,8
3813,3,4,6,8
3814,1,4,6,9
3815,3,4,6,8
3816,1,4,6,8
3817,1,4,6,8
3818,1,4,6,8
3819,1,4,6,8
3820,1,4,6,9
3821,1,4,6,8
3822,1,4,6,9
3823,1,4,6,8
3824,1,4,6,8
3825,1,4,6,8
3826,1,4,6,8
3827,1,4,6,9
3828,1,4,6,8
3829,1,4,6,9
3830,3,4,6,8
3831,1,4,6,8
3832,1,4,6,8
3833,1,4,6,9
3834,1,4,6,8
3835,3,4,6,8
3836,1,4,6,8
3837,1,4,6,9
3838,1,4,6,9
3839,1,4,6,8
3840,1,4,6,8
3841,3,4,6,8
3842,1,4,6,8
3843,3,4,6,8
3844,1,4,6,8
3845,1,4,6,8
3846,1,4,6,8
3847,1,4,6,8
3848,1,4,6,8
3849,1,4,6,9
3850,1,4,6,8
3851,1,4,6,8
3852,1,4,6,8
3853,3,4,6,9
3854,1,4,6,9
3855,1,4,6,8
3856,1,4,6,8
3857,1,4,6,8
3858,1,4,6,8
3859,1,4,6,8
3860,1,4,6,9
3861,1,4,6,8
3862,1,4,6,8
3863,1,4,6,8
3864,1,4,6,8
3865,3,4,6,8
3866,1,4,6,8
3867,1,4,6,8
3868,3,4,6,8
3869,3,4,6,9
3870,0,4,6,8
3871,1,4,6,8
3872,1,4,6,8
3873,1,4,6,8
3874,1,4,6,9
3875,1,4,6,8
3876,1,4,6,8
3877,3,4,6,9
3878,3,4,6,8
3879,1,4,6,8
3880,1,4,6,8
3881,1,4,6,8
3882,1,4,6,9
3883,1,4,6,8
3884,1,4,6,8
3885,1,4,6,8
3886,1,4,6,8
3887,1,4,6,8
3888,1,4,6,8
3889,1,4,6,8
3890,1,4,6,8
3891,1,4,6,9
3892,1,4,6,8
3893,1,4,6,8
3894,1,4,6,8
3895,1,4,6,8
3896,1,4,6,8
3897,3,4,6,8
3898,1,4,6,8
3899,1,4,6,8
3900,3,4,6,8
3901,3,4,6,8
3902,1,4,6,8
3903,1,4,6,8
3904,1,4,6,8
3905,3,4,6,8
3906,1,4,6,8
3907,1,4,6,8
3908,1,4,6,8
3909,1,4,6,8
3910,1,4,6,8
3911,1,4,6,8
3912,3,4,6,8
3913,1,4,6,8
3914,1,4,6,8
3915,1,4,6,8
3916,1,4,6,8
3917,1,4,6,8
3918,1,4,6,8
3919,1,4,6,8
3920,3,4,6,9
3921,1,4,6,8
3922,1,4,6,8
3923,1,4,6,8
3924,1,4,6,8
3925,0,4,6,8
3926,1,4,6,8
3927,2,4,6,8
3928,1,4,6,8
3929,1,4,6,8
3930,1,4,6,9
3931,1,4,6,8
3932,1,4,6,9
3933,1,4,6,8
3934,1,4,6,9
3935,1,4,6,8
3936,1,4,6,9
3937,1,4,6,9
3938,1,4,6,8
3939,1,4,6,8
3940,3,4,6,8
3941,1,4,6,8
3942,1,4,6,8
3943,1,4,6,8
3944,1,4,6,8
3945,1,4,6,8
3946,1,4,6,8
3947,1,4,6,8
3948,1,4,6,8
3949,1,4,6,8
3950,1,4,6,8
3951,1,4,6,8
3952,1,4,7,9
3953,1,4,6,8
3954,1,4,6,8
3955,1,4,6,8
3956,1,4,6,8
3957,1,4,6,8
3958,1,4,6,8
3959,3,4,6,9
3960,1,4,6,8
3961,3,4,6,8
3962,3,4,6,8
3963,1,4,6,8
3964,1,4,6,8
3965,1,4,6,8
3966,1,4,6,8
3967,1,4,6,8
3968,1,4,6,9
3969,1,4,6,8
3970,1,4,6,8
3971,1,4,6,8
3972,1,4,6,8
3973,1,4,6,9
3974,1,4,6,8
3975,1,4,6,8
3976,1,4,6,8
3977,1,4,6,8
3978,1,4,6,8
3979,3,4,6,8
3980,3,4,6,8
3981,1,4,6,8
3982,1,4,6,8
3983,1,4,6,8
3984,0,4,6,8
3985,1,4,6,8
3986,1,4,6,8
3987,1,4,6,8
3988,1,4,6,9
3989,1,4,6,9
3990,1,4,6,8
3991,1,4,6,8
3992,1,4,6,8
3993,3,4,6,8
3994,0,4,6,9
3995,1,4,6,8
3996,1,4,6,8
3997,1,4,6,8
3998,1,4,6,8
3999,1,4,6,9
4000,1,4,6,8
4001,1,4,6,8
4002,1,4,6,8
4003,3,4,7,9
4004,1,4,6,8
4005,3,4,6,8
4006,1,4,6,8
4007,1,4,6,8
4008,1,4,6,8
4009,1,4,6,8
4010,1,4,6,8
4011,3,4,6,8
4012,1,4,6,8
4013,1,4,6,8
4014,1,4,6,9
4015,1,4,6,8
4016,3,4,6,8
4017,1,4,6,8
4018,1,4,6,8
4019,3,4,6,8
4020,1,4,6,8
4021,1,4,6,8
4022,1,4,6,8
4023,1,4,6,9
4024,1,4,6,8
4025,1,4,6,8
4026,1,4,6,8
4027,1,4,6,8
4028,1,4,6,8
4029,1,4,6,8
4030,1,4,6,8
4031,1,4,6,8
4032,1,4,6,9
4033,1,4,6,8
4034,1,4,6,9
4035,1,4,6,8
4036,1,4,6,8
4037,1,4,6,8
4038,1,4,6,8
4039,1,4,6,8
4040,1,4,6,9
4041,1,4,6,8
4042,1,4,6,8
4043,1,4,6,8
4044,1,4,6,9
4045,1,4,6,8
4046,1,4,6,8
4047,1,4,6,9
4048,1,4,6,8
4049,1,4,6,8
4050,1,4,6,8
4051,1,4,6,8
4052,1,4,6,8
4053,3,4,6,8
4054,3,4,6,8
4055,1,4,6,8
4056,1,4,6,8
4057,1,4,6,8
4058,1,4,6,8
4059,3,4,6,8
4060,1,4,6,8
4061,1,4,6,9
4062,1,4,6,8
4063,1,4,6,8
4064,1,4,6,8
4065,1,4,6,8
4066,1,4,6,8
4067,1,4,6,8
4068,1,4,6,8
4069,1,4,6,8
4070,1,4,6,9
4071,1,4,6,9
4072,1,4,6,8
4073,3,4,6,8
4074,1,4,6,8
4075,3,4,6,8
4076,1,4,6,8
4077,1,4,6,8
4078,1,4,6,8
4079,1,4,6,8
4080,1,4,6,9
4081,1,4,6,8
4082,1,4,6,8
4083,1,4,6,9
4084,1,4,6,8
4085,3,4,6,8
4086,1,4,6,8
4087,1,4,6,8
4088,1,4,6,8
4089,1,4,6,8
4090,1,4,7,9
4091,1,4,6,8
4092,1,4,6,9
4093,1,4,6,9
4094,3,4,6,9
4095,1,4,6,8
4096,1,4,6,9
4097,1,4,6,8
4098,1,4,6,8
4099,1,4,6,8
4100,1,4,6,8
4101,1,4,6,8
4102,1,4,6,9
4103,1,4,6,8
4104,3,4,6,8
4105,1,4,6,8
4106,1,4,6,8
4107,1,4,6,8
4108,1,4,6,9
4109,3,4,6,8
4110,1,4,6,8
4111,1,4,6,8
4112,1,4,6,8
4113,1,4,6,9
4114,1,4,7,9
4115,1,4,6,8
4116,1,4,6,8
4117,1,4,6,8
4118,3,4,6,8
4119,1,4,6,8
4120,1,4,6,8
4121,1,4,6,8
4122,1,4,6,8
4123,1,4,6,8
4124,1,4,6,9
4125,1,4,6,8
4126,1,4,6,8
4127,1,4,6,8
4128,1,4,6,8
4129,1,4,6,8
4130,3,4,6,8
4131,0,4,6,8
4132,1,4,6,9
4133,3,4,6,9
4134,1,4,6,8
4135,1,4,6,8
4136,1,4,6,8
4137,1,4,6,8
4138,1,4,6,8
4139,3,4,6,8
4140,1,4,6,8
4141,1,4,6,8
4142,1,4,6,8
4143,1,4,6,8
4144,1,4,6,8
4145,1,4,6,9
4146,1,4,6,8
4147,1,4,6,9
4148,1,4,6,8
4149,1,4,6,8
4150,1,4,6,8
4151,1,4,6,8
4152,1,4,6,8
4153,1,4,6,8
4154,1,4,6,8
4155,3,4,6,8
4156,1,4,6,8
4157,1,4,6,8
4158,1,4,6,8
4159,1,4,6,8
4160,1,4,6,8
4161,1,4,6,8
4162,1,4,6,8
4163,1,4,6,8
4164,3,4,6,8
4165,0,4,6,8
4166,1,4,6,8
4167,1,4,6,9
4168,1,4,6,8
4169,1,4,6,8
4170,1,4,6,8
4171,3,4,6,9
4172,1,4,6,9
4173,2,4,6,8
4174,3,4,6,9
4175,0,4,6,8
4176,1,4,6,8
4177,1,4,6,8
4178,1,4,6,8
4179,1,4,6,9
4180,1,4,6,8
4181,1,4,6,9
4182,1,4,6,8
4183,1,4,6,8
4184,1,4,6,8
4185,1,4,6,8
4186,1,4,6,8
4187,1,4,6,8
4188,1,4,6,8
4189,1,4,6,8
4190,1,4,6,8
4191,3,4,6,9
4192,1,4,6,8
4193,1,4,6,8
4194,1,4,6,8
4195,1,4,6,9
4196,1,4,6,8
4197,1,4,6,9
4198,1,4,6,9
4199,1,4,6,8
4200,1,4,6,9
4201,1,4,6,8
4202,1,4,6,8
4203,1,4,6,8
4204,0,4,6,8
4205,3,4,6,8
4206,0,4,6,8
4207,1,4,6,8
4208,1,4,6,8
4209,3,4,6,8
4210,1,4,6,9
4211,1,4,6,8
4212,1,4,6,8
4213,1,4,6,8
4214,1,4,6,8
4215,3,4,6,8
4216,1,4,6,8
4217,1,4,6,8
4218,1,4,6,8
4219,1,4,6,9
4220,3,4,6,9
4221,1,4,6,8
4222,1,4,6,8
4223,1,4,6,8
4224,1,4,6,9
4225,1,4,6,9
4226,1,4,6,8
4227,1,4,6,8
4228,1,4,6,8
4229,1,4,6,8
4230,1,4,6,8
4231,1,4,6,8
4232,3,4,6,8
4233,1,4,6,8
4234,1,4,6,8
4235,1,4,6,8
4236,1,4,6,8
4237,1,4,6,8
4238,1,4,6,8
4239,1,4,6,8
4240,1,4,6,8
4241,1,4,6,8
4242,1,4,6,9
4243,1,4,6,8
4244,1,4,6,8
4245,1,4,6,9
4246,1,4,6,8
4247,1,4,6,8
4248,1,4,6,8
4249,1,4,6,8
4250,0,4,6,8
4251,1,4,6,8
4252,1,4,6,8
4253,1,4,6,8
4254,1,4,6,8
4255,3,4,6,8
4256,1,4,6,8
4257,1,4,6,9
4258,1,4,6,9
4259,1,4,6,8
4260,1,4,6,8
4261,1,4,6,8
4262,1,4,6,8
4263,3,4,6,8
4264,1,4,6,8
4265,1,4,6,8
4266,0,4,6,8
4267,1,4,6,8
4268,1,4,6,9
4269,1,4,6,9
4270,0,4,6,8
4271,1,4,6,8
4272,1,4,6,9
4273,3,4,6,8
4274,1,4,6,8
4275,1,4,6,9
4276,1,4,6,8
4277,3,4,6,9
4278,1,4,6,8
4279,1,4,6,8
4280,1,4,6,8
4281,1,4,6,8
4282,1,4,7,9
4283,3,4,6,8
4284,1,4,6,8
4285,1,4,6,8
4286,1,4,6,8
4287,1,4,6,9
4288,1,4,6,8
4289,1,4,6,8
4290,1,4,6,8
4291,1,4,6,8
4292,1,4,6,8
4293,1,4,6,8
4294,1,4,6,8
4295,1,4,6,8
4296,1,4,6,8
4297,1,4,6,8
4298,1,4,6,8
4299,1,4,6,8
4300,1,4,6,8
4301,1,4,6,8
4302,1,4,6,8
4303,3,4,6,8
4304,1,4,6,8
4305,1,4,6,8
4306,1,4,6,9
4307,3,4,6,8
4308,1,4,6,8
4309,3,4,6,8
4310,1,4,6,8
4311,3,4,6,8
4312,1,4,6,8
4313,1,4,6,8
4314,1,4,6,8
4315,1,4,6,8
4316,1,4,6,8
4317,1,4,6,9
4318,1,4,6,8
4319,1,4,6,8
4320,1,4,6,8
4321,1,4,6,8
4322,1,4,6,8
4323,1,4,6,9
4324,1,4,6,8
4325,1,4,6,9
4326,3,4,6,8
4327,1,4,6,8
4328,1,4,6,8
4329,3,4,6,8
4330,1,4,6,8
4331,1,4,6,8
4332,1,4,6,8
4333,1,4,6,8
4334,1,4,6,8
4335,1,4,6,8
4336,1,4,6,8
4337,1,4,6,8
4338,1,4,6,8
4339,1,4,6,8
4340,1,4,6,8
4341,3,4,6,8
4342,1,4,6,8
4343,1,4,6,8
4344,1,4,6,9
4345,1,4,6,9
4346,1,4,6,8
4347,1,4,6,8
4348,1,4,6,9
4349,1,4,6,8
4350,0,4,6,8
4351,1,4,6,8
4352,0,4,6,8
4353,1,4,6,8
4354,1,4,6,8
4355,1,4,6,8
4356,1,4,6,8
4357,1,4,6,9
4358,1,4,6,8
4359,1,4,6,8
4360,1,4,6,9
4361,3,4,6,8
4362,1,4,6,8
4363,1,4,6,9
4364,3,4,6,8
4365,1,4,6,8
4366,1,4,6,8
4367,1,4,6,8
4368,1,4,6,8
4369,1,4,6,8
4370,1,4,6,8
4371,3,4,6,8
4372,1,4,6,8
4373,1,4,6,8
4374,1,4,6,8
4375,1,4,6,8
4376,1,4,6,9
4377,1,4,6,8
4378,1,4,6,8
4379,3,4,6,8
4380,1,4,6,8
4381,1,4,6,8
4382,1,4,6,8
4383,3,4,6,8
4384,1,4,6,8
4385,1,4,6,8
4386,1,4,6,8
4387,1,4,6,9
4388,3,4,6,8
4389,1,4,6,8
4390,1,4,6,8
4391,1,4,6,8
4392,1,4,6,8
4393,1,4,6,8
4394,3,4,6,8
4395,1,4,6,8
4396,1,4,6,8
4397,0,4,7,9
4398,1,4,6,9
4399,3,4,6,8
4400,1,4,6,8
4401,3,4,6,9
4402,1,4,6,8
4403,1,4,6,8
4404,1,4,6,8
4405,1,4,6,8
4406,1,4,6,8
4407,1,4,6,8
4408,1,4,6,8
4409,1,4,6,8
4410,1,4,6,8
4411,3,4,6,8
4412,1,4,6,8
4413,1,4,6,8
4414,1,4,6,8
4415,1,4,6,9
4416,1,4,6,8
4417,3,4,6,8
4418,1,4,6,8
4419,1,4,6,8
4420,1,4,6,9
4421,1,4,6,9
4422,1,4,6,8
4423,1,4,6,8
4424,1,4,6,8
4425,1,4,6,9
4426,1,4,6,9
4427,1,4,6,8
4428,1,4,6,8
4429,1,4,6,8
4430,1,4,6,8
4431,1,4,6,8
4432,1,4,6,8
4433,3,4,6,8
4434,1,4,6,8
4435,1,4,6,9
4436,1,4,6,8
4437,1,4,6,9
4438,1,4,6,8
4439,1,4,6,8
4440,1,4,6,8
4441,1,4,6,8
4442,1,4,6,8
4443,1,4,6,9
4444,3,4,6,8
4445,1,4,6,8
4446,3,4,6,8
4447,1,4,6,8
4448,1,4,6,8
4449,3,4,6,8
4450,1,4,6,8
4451,1,4,6,8
4452,1,4,6,9
4453,1,4,6,8
4454,1,4,6,8
4455,1,4,6,9
4456,1,4,6,9
4457,1,4,6,9
4458,1,4,6,8
4459,1,4,6,8
4460,1,4,6,8
4461,3,4,6,8
4462,3,4,6,9
4463,1,4,6,8
4464,1,4,6,8
4465,1,4,6,8
4466,1,4,6,8
4467,1,4,6,8
4468,3,4,6,8
4469,3,4,6,8
4470,1,4,6,9
4471,1,4,6,8
4472,1,4,6,8
4473,1,4,6,8
4474,1,4,6,8
4475,1,4,6,8
4476,0,4,6,8
4477,2,4,6,8
4478,1,4,6,8
4479,1,4,6,8
4480,1,4,6,8
4481,1,4,6,8
4482,1,4,6,8
4483,0,4,6,8
4484,1,4,6,8
4485,1,4,6,9
4486,1,4,6,8
4487,3,4,6,8
4488,1,4,6,8
4489,1,4,6,9
4490,1,4,6,8
4491,1,4,6,8
4492,3,4,6,8
4493,1,4,6,8
4494,1,4,6,8
4495,1,4,6,8
4496,3,4,6,8
4497,1,4,6,8
4498,3,4,6,8
4499,1,4,6,8
4500,1,4,6,9
4501,1,4,6,8
4502,1,4,6,8
4503,3,4,6,8
4504,1,4,6,9
4505,1,4,6,8
4506,3,4,6,8
4507,1,4,6,8
4508,1,4,6,9
4509,1,4,6,8
4510,1,4,6,8
4511,1,4,6,8
4512,1,4,6,8
4513,1,4,6,8
4514,3,4,6,8
4515,1,4,6,8
4516,1,4,6,8
4517,1,4,6,8
4518,1,4,6,8
4519,1,4,6,8
4520,1,4,6,8
4521,1,4,6,8
4522,1,4,6,8
4523,1,4,6,8
4524,1,4,6,9
4525,1,4,6,9
4526,1,4,6,9
4527,1,4,6,8
4528,1,4,6,8
4529,3,4,6,8
4530,0,4,6,8
4531,3,4,6,8
4532,0,4,6,8
4533,1,4,6,8
4534,1,4,6,8
4535,0,4,6,9
4536,1,4,6,8
4537,1,4,6,8
4538,3,4,6,9
4539,1,4,6,8
4540,1,4,6,8
4541,1,4,6,8
4542,1,4,6,8
4543,3,4,6,8
4544,1,4,6,8
4545,1,4,6,8
4546,1,4,6,8
4547,1,4,6,8
4548,1,4,6,8
4549,1,4,6,9
4550,1,4,6,8
4551,1,4,6,9
4552,1,4,6,8
4553,3,4,6,8
4554,3,4,6,9
4555,1,4,6,9
4556,1,4,6,8
4557,1,4,6,8
4558,1,4,6,8
4559,3,4,6,9
4560,1,4,6,8
4561,1,4,6,8
4562,1,4,6,8
4563,1,4,6,8
4564,1,4,6,8
4565,1,4,6,8
4566,1,4,6,8
4567,1,4,6,8
4568,1,4,6,8
4569,1,4,6,8
4570,1,4,6,8
4571,1,4,6,8
4572,1,4,6,9
4573,1,4,6,8
4574,1,4,6,8
4575,1,4,6,8
4576,1,4,6,8
4577,1,4,6,8
4578,1,4,6,9
4579,1,4,6,8
4580,3,4,6,8
4581,1,4,6,8
4582,1,4,6,8
4583,1,4,6,8
4584,1,4,6,8
4585,1,4,6,8
4586,1,4,6,8
4587,1,4,6,8
4588,1,4,6,8
4589,1,4,6,8
4590,1,4,6,8
4591,1,4,6,8
4592,1,4,6,9
4593,3,4,6,8
4594,3,4,6,8
4595,3,4,6,8
4596,1,4,6,8
4597,1,4,6,8
4598,1,4,6,8
4599,1,4,6,8
4600,1,4,6,8
4601,3,4,6,9
4602,1,4,6,8
4603,1,4,6,8
4604,1,4,6,9
4605,1,4,6,8
4606,1,4,6,9
4607,1,4,6,8
4608,1,4,6,9
4609,1,4,6,8
4610,1,4,6,9
4611,1,4,6,9
4612,3,4,6,8
4613,1,4,6,8
4614,1,4,6,8
4615,1,4,6,8
4616,1,4,6,8
4617,1,4,6,8
4618,1,4,6,8
4619,1,4,6,9
4620,1,4,6,8
4621,1,4,6,9
4622,1,4,6,9
4623,1,4,6,9
4624,1,4,6,8
4625,1,4,6,8
4626,1,4,6,9
4627,1,4,6,8
4628,1,4,6,8
4629,1,4,6,8
4630,1,4,6,8
4631,1,4,6,8
4632,1,4,6,8
4633,1,4,6,8
4634,1,4,6,8
4635,1,4,6,8
4636,1,4,6,8
4637,1,4,6,8
4638,1,4,6,8
4639,1,4,6,8
4640,1,4,6,9
4641,1,4,6,8
4642,1,4,6,9
4643,1,4,6,9
4644,1,4,6,8
4645,1,4,6,8
4646,1,4,6,8
4647,3,4,6,8
4648,1,4,6,9
4649,1,4,6,8
4650,3,4,6,8
4651,1,4,6,8
4652,1,4,6,8
4653,1,4,6,8
4654,1,4,6,8
4655,1,4,6,8
4656,3,4,6,8
4657,1,4,6,8
4658,1,4,6,8
4659,1,4,6,8
4660,1,4,6,8
4661,1,4,6,8
4662,1,4,6,8
4663,3,4,6,8
4664,1,4,6,8
4665,1,4,6,9
4666,1,4,6,8
4667,3,4,6,8
4668,3,4,6,9
4669,1,4,6,8
4670,1,4,6,8
4671,1,4,6,8
4672,1,4,6,8
4673,1,4,6,8
4674,1,4,6,8
4675,1,4,6,8
4676,1,4,6,8
4677,1,4,6,8
4678,1,4,6,8
4679,3,4,6,8
4680,1,4,6,8
4681,1,4,6,8
4682,1,4,6,8
4683,1,4,6,8
4684,1,4,6,8
4685,1,4,6,9
4686,1,4,6,8
4687,1,4,6,8
4688,1,4,6,9
4689,1,4,6,8
4690,1,4,6,8
4691,1,4,6,8
4692,1,4,6,9
4693,1,4,6,8
4694,1,4,6,9
4695,1,4,6,9
4696,1,4,6,8
4697,1,4,6,8
4698,1,4,6,9
4699,1,4,6,8
4700,0,4,6,8
4701,1,4,6,8
4702,3,4,6,8
4703,1,4,6,8
4704,1,4,6,8
4705,1,4,6,8
4706,1,4,6,8
4707,1,4,6,8
4708,3,4,6,8
4709,1,4,6,8
4710,1,4,6,8
4711,3,4,6,8
4712,1,4,6,8
4713,1,4,6,8
4714,1,4,6,8
4715,1,4,6,8
4716,1,4,6,8
4717,1,4,6,8
4718,1,4,6,8
4719,1,4,6,8
4720,1,4,6,8
4721,1,4,6,8
4722,1,4,6,8
4723,1,4,6,8
4724,1,4,6,8
4725,1,4,6,8
4726,1,4,6,8
4727,1,4,6,8
4728,1,4,6,9
4729,1,4,6,8
4730,1,4,6,8
4731,3,4,6,8
4732,1,4,6,9
4733,1,4,6,8
4734,1,4,6,8
4735,1,4,6,9
4736,1,4,6,8
4737,1,4,6,8
4738,1,4,6,8
4739,1,4,6,8
4740,3,4,6,8
4741,1,4,6,8
4742,2,4,6,8
4743,1,4,6,8
4744,1,4,6,8
4745,3,4,6,8
4746,1,4,6,8
4747,1,4,6,8
4748,1,4,6,8
4749,1,4,6,8
4750,1,4,6,8
4751,1,4,6,8
4752,1,4,6,8
4753,1,4,6,8
4754,1,4,6,8
4755,1,4,6,8
4756,1,4,6,8
4757,1,4,6,8
4758,1,4,6,8
4759,1,4,6,8
4760,1,4,6,8
4761,1,4,6,9
4762,3,4,6,8
4763,1,4,6,8
4764,1,4,6,9
4765,1,4,6,8
4766,3,4,6,8
4767,1,4,6,8
4768,1,4,6,9
4769,1,4,6,8
4770,1,4,6,8
4771,1,4,6,8
4772,1,4,6,8
4773,1,4,6,8
4774,1,4,6,8
4775,1,4,6,8
4776,1,4,6,8
4777,1,4,6,8
4778,1,4,6,8
4779,1,4,6,8
4780,1,4,6,8
4781,0,4,6,8
4782,1,4,6,8
4783,1,4,6,8
4784,1,4,6,8
4785,1,4,6,8
4786,1,4,6,8
4787,1,4,6,8
4788,1,4,6,8
4789,3,4,6,8
4790,1,4,6,9
4791,1,4,6,9
4792,1,4,6,9
4793,1,4,6,9
4794,1,4,6,8
4795,1,4,6,8
4796,1,4,6,8
4797,3,4,6,9
4798,1,4,6,8
4799,1,4,6,8
4800,1,4,6,8
4801,1,4,6,8
4802,1,4,6,8
4803,1,4,6,8
4804,1,4,6,8
4805,3,4,6,8
4806,1,4,6,8
4807,3,4,6,8
4808,1,4,6,9
4809,1,4,6,8
4810,3,4,6,8
4811,1,4,6,8
4812,0,4,6,8
4813,1,4,6,9
4814,1,4,6,8
4815,1,4,6,8
4816,1,4,6,8
4817,3,4,6,8
4818,3,4,6,8
4819,1,4,6,8
4820,1,4,6,8
4821,1,4,6,8
4822,1,4,6,8
4823,1,4,6,8
4824,1,4,6,8
4825,1,4,6,8
4826,1,4,6,8
4827,1,4,6,8
4828,1,4,6,8
4829,1,4,6,8
4830,3,4,6,8
4831,3,4,6,8
4832,1,4,6,8
4833,1,4,6,8
4834,1,4,6,8
4835,3,4,6,8
4836,3,4,6,8
4837,1,4,6,8
4838,3,4,6,8
4839,3,4,6,9
4840,1,4,6,8
4841,1,4,6,9
4842,1,4,6,8
4843,1,4,6,8
4844,1,4,6,8
4845,1,4,6,9
4846,1,4,6,8
4847,1,4,6,8
4848,1,4,6,9
4849,1,4,6,9
4850,1,4,6,8
4851,1,4,6,8
4852,1,4,6,8
4853,1,4,6,8
4854,1,4,6,8
4855,1,4,6,8
4856,1,4,6,8
4857,3,4,6,8
4858,3,4,6,8
4859,1,4,6,8
4860,3,4,6,8
4861,3,4,6,8
4862,3,4,6,8
4863,1,4,6,9
4864,1,4,6,9
4865,1,4,6,8
4866,1,4,6,8
4867,1,4,6,8
4868,1,4,6,8
4869,1,4,6,8
4870,1,4,6,8
4871,1,4,6,8
4872,1,4,6,8
4873,1,4,6,8
4874,3,4,6,8
4875,1,4,6,9
4876,1,4,6,8
4877,1,4,6,8
4878,1,4,6,8
4879,3,4,6,8
4880,3,4,6,8
4881,1,4,6,8
4882,1,4,6,8
4883,1,4,6,8
4884,3,4,6,8
4885,1,4,6,8
4886,3,4,6,8
4887,3,4,6,8
4888,3,4,6,9
4889,1,4,6,8
4890,1,4,6,8
4891,1,4,6,8
4892,1,4,6,8
4893,1,4,6,8
4894,3,4,6,8
4895,1,4,6,8
4896,1,4,6,8
4897,1,4,6,9
4898,1,4,6,8
4899,1,4,6,8
4900,1,4,6,8
4901,3,4,6,8
4902,0,4,6,8
4903,1,4,6,8
4904,1,4,6,8
4905,1,4,6,8
4906,1,4,6,8
4907,3,4,6,8
4908,1,4,6,8
4909,1,4,6,8
4910,1,4,6,8
4911,1,4,6,8
4912,1,4,6,8
4913,1,4,6,8
4914,1,4,6,8
4915,3,4,6,9
4916,1,4,6,8
4917,1,4,6,8
4918,1,4,6,8
4919,1,4,6,8
4920,1,4,6,8
4921,1,4,6,8
4922,1,4,7,9
4923,1,4,6,8
4924,1,4,6,9
4925,1,4,6,8
4926,1,4,6,8
4927,1,4,6,8
4928,1,4,6,8
4929,1,4,6,8
4930,1,4,6,9
4931,1,4,6,8
4932,1,4,6,8
4933,1,4,6,8
4934,1,4,6,8
4935,1,4,6,8
4936,1,4,6,8
4937,0,4,6,8
4938,1,4,6,9
4939,3,4,6,9
4940,1,4,6,8
4941,1,4,6,9
4942,1,4,6,8
4943,1,4,6,8
4944,1,4,6,9
4945,1,4,6,8
4946,1,4,6,8
4947,1,4,6,8
4948,1,4,6,8
4949,3,4,6,8
4950,1,4,6,8
4951,1,4,6,8
4952,1,4,6,9
4953,1,4,6,8
4954,3,4,6,8
4955,1,4,6,9
4956,1,4,6,8
4957,1,4,6,8
4958,1,4,6,8
4959,1,4,6,8
4960,1,4,6,8
4961,1,4,6,8
4962,1,4,6,8
4963,1,4,6,8
4964,1,4,6,8
4965,1,4,6,8
4966,3,4,6,9
4967,1,4,6,8
4968,1,4,6,8
4969,1,4,6,9
4970,1,4,6,8
4971,1,4,6,9
4972,1,4,6,9
4973,1,4,6,8
4974,1,4,6,8
4975,1,4,6,8
4976,1,4,6,8
4977,1,4,6,8
4978,1,4,6,8
4979,1,4,6,8
4980,1,4,6,9
4981,1,4,6,8
4982,1,4,6,9
4983,1,4,6,8
4984,1,4,6,8
4985,1,4,6,9
4986,3,4,6,8
4987,1,4,6,8
4988,3,4,6,8
4989,1,4,6,8
4990,1,4,6,8
4991,1,4,6,8
4992,1,4,6,8
4993,2,4,6,8
4994,1,4,6,8
4995,1,4,6,8
4996,1,4,6,9
4997,1,4,6,8
4998,1,4,6,9
4999,1,4,6,8
5000,1,4,6,8
5001,3,4,6,8
5002,1,4,6,9
5003,1,4,6,8
5004,1,4,6,8
5005,1,4,6,9
5006,1,4,6,8
5007,3,4,6,8
5008,3,4,6,8
5009,1,4,6,8
5010,1,4,6,8
5011,1,4,6,8
5012,3,4,6,8
5013,1,4,6,8
5014,1,4,6,8
5015,1,4,6,8
5016,3,4,6,8
5017,1,4,6,8
5018,1,4,6,8
5019,1,4,6,8
5020,1,4,6,8
5021,1,4,6,8
5022,1,4,6,8
5023,3,4,6,9
5024,1,4,6,8
5025,1,4,6,9
5026,1,4,6,8
5027,1,4,6,9
5028,1,4,6,9
5029,1,4,6,8
5030,3,4,6,8
5031,1,4,6,8
5032,1,4,6,8
5033,1,4,6,8
5034,1,4,6,8
5035,1,4,6,8
5036,1,4,6,8
5037,1,4,6,8
5038,1,4,6,8
5039,1,4,6,9
5040,1,4,6,8
5041,1,4,6,8
5042,1,4,6,8
5043,1,4,6,9
5044,1,4,6,8
5045,1,4,6,8
5046,1,4,6,8
5047,1,4,6,8
5048,1,4,6,8
5049,1,4,6,8
5050,1,4,6,8
5051,1,4,6,9
5052,1,4,6,8
5053,1,4,6,8
5054,3,4,6,9
5055,1,4,6,8
5056,0,4,6,8
5057,3,4,6,8
5058,1,4,6,8
5059,3,4,6,8
5060,1,4,6,9
5061,1,4,6,8
5062,1,4,6,8
5063,3,4,6,8
5064,1,4,6,8
5065,1,4,6,8
5066,1,4,6,8
5067,1,4,6,8
5068,1,4,6,8
5069,3,4,6,8
5070,1,4,6,8
5071,1,4,6,8
5072,1,4,6,8
5073,1,4,6,8
5074,1,4,6,8
5075,1,4,6,9
5076,1,4,6,8
5077,1,4,6,8
5078,3,4,6,8
5079,3,4,6,8
5080,1,4,6,8
5081,1,4,6,8
5082,1,4,6,8
5083,1,4,6,8
5084,1,4,6,9
5085,1,4,6,8
5086,1,4,6,8
5087,1,4,6,8
5088,1,4,6,9
5089,1,4,6,8
5090,1,4,6,8
5091,1,4,6,9
5092,3,4,6,8
5093,1,4,6,8
5094,1,4,6,9
5095,1,4,6,9
5096,1,4,6,8
5097,1,4,6,8
5098,1,4,6,8
5099,3,4,6,8
5100,1,4,6,8
5101,3,4,6,8
5102,1,4,6,8
5103,1,4,6,8
5104,1,4,6,8
5105,1,4,6,8
5106,3,4,6,9
5107,1,4,6,8
5108,3,4,6,8
5109,3,4,6,8
5110,1,4,6,8
5111,3,4,6,8
5112,1,4,6,8
5113,1,4,6,8
5114,1,4,6,8
5115,1,4,6,8
5116,1,4,6,8
5117,1,4,6,8
5118,1,4,6,8
5119,1,4,6,8
5120,1,4,6,8
5121,1,4,6,9
5122,3,4,6,9
5123,1,4,6,8
5124,1,4,6,8
5125,1,4,6,8
5126,1,4,6,8
5127,1,4,6,8
5128,1,4,6,8
5129,1,4,6,9
5130,1,4,6,8
5131,1,4,6,8
5132,1,4,6,8
5133,1,4,6,8
5134,1,4,6,8
5135,1,4,6,8
5136,1,4,6,9
5137,1,4,6,8
5138,0,4,6,8
5139,1,4,6,8
5140,1,4,6,8
5141,1,4,6,8
5142,1,4,6,9
5143,1,4,6,8
5144,3,4,6,8
5145,1,4,6,8
5146,1,4,6,8
5147,1,4,6,8
5148,1,4,6,8
5149,1,4,6,8
5150,0,4,6,9
5151,1,4,6,8
5152,1,4,6,8
5153,1,4,6,9
5154,1,4,6,8
5155,1,4,6,8
5156,1,4,6,8
5157,3,4,6,8
5158,1,4,6,8
5159,1,4,6,8
5160,1,4,6,8
5161,1,4,6,8
5162,1,4,6,8
5163,3,4,6,8
5164,3,4,6,8
5165,1,4,6,8
5166,1,4,6,8
5167,1,4,6,8
5168,1,4,6,8
5169,1,4,6,9
5170,1,4,6,9
5171,1,4,6,8
5172,1,4,6,8
5173,1,4,6,8
5174,1,4,6,8
5175,1,4,6,8
5176,1,4,6,8
5177,1,4,6,8
5178,1,4,6,9
5179,1,4,6,8
5180,1,4,6,8
5181,3,4,6,8
5182,1,4,6,8
5183,1,4,6,8
5184,1,4,6,8
5185,3,4,6,9
5186,3,4,6,8
5187,1,4,6,8
5188,2,4,6,8
5189,1,4,6,8
5190,3,4,6,8
5191,1,4,6,9
5192,1,4,6,8
5193,1,4,6,8
5194,1,4,6,8
5195,1,4,6,8
5196,1,4,6,8
5197,3,4,6,8
5198,1,4,6,8
5199,3,4,6,8
5200,1,4,6,9
5201,1,4,6,9
5202,1,4,6,8
5203,3,4,6,8
5204,1,4,6,9
5205,1,4,6,8
5206,1,4,6,8
5207,1,4,6,8
5208,1,4,6,8
5209,1,4,6,9
5210,3,4,6,8
5211,1,4,6,8
5212,1,4,6,8
5213,1,4,6,8
5214,1,4,6,8
5215,1,4,6,8
5216,1,4,6,9
5217,1,4,6,9
5218,1,4,6,8
5219,1,4,6,8
5220,1,4,6,8
5221,1,4,6,8
5222,1,4,6,8
5223,1,4,6,9
5224,1,4,6,8
5225,3,4,6,8
5226,1,4,6,9
5227,1,4,6,8
5228,3,4,6,8
5229,0,4,6,9
5230,1,4,6,8
5231,1,4,6,8
5232,1,4,6,8
5233,1,4,6,9
5234,1,4,6,8
5235,1,4,6,8
5236,1,4,6,8
5237,3,4,6,8
5238,1,4,6,8
5239,1,4,6,8
5240,1,4,6,8
5241,1,4,6,8
5242,3,4,6,8
5243,1,4,6,8
5244,1,4,6,8
5245,1,4,6,8
5246,1,4,6,8
5247,1,4,6,8
5248,0,4,6,8
5249,1,4,6,8
5250,1,4,6,9
5251,1,4,6,9
5252,1,4,6,8
5253,1,4,6,8
5254,1,4,6,8
5255,1,4,6,8
5256,3,4,6,8
5257,1,4,6,8
5258,1,4,6,8
5259,1,4,6,8
5260,1,4,6,8
5261,1,4,6,8
5262,1,4,6,8
5263,1,4,6,8
5264,1,4,6,8
5265,1,4,6,8
5266,1,4,6,8
5267,1,4,6,8
5268,1,4,6,8
5269,1,4,6,9
5270,1,4,6,8
5271,1,4,6,8
5272,1,4,6,8
5273,3,4,6,8
5274,1,4,6,8
5275,1,4,6,8
5276,1,4,6,8
5277,1,4,6,8
5278,1,4,6,8
5279,1,4,6,8
5280,1,4,6,8
5281,3,4,6,8
5282,1,4,6,8
5283,1,4,6,8
5284,3,4,6,8
5285,1,4,6,8
5286,1,4,6,8
5287,1,4,6,8
5288,1,4,6,8
5289,3,4,6,8
5290,3,4,6,8
5291,1,4,6,8
5292,1,4,6,8
5293,1,4,6,9
5294,1,4,6,8
5295,1,4,6,8
5296,1,4,6,8
5297,3,4,6,8
5298,1,4,6,9
5299,1,4,6,8
5300,1,4,6,8
5301,1,4,6,8
5302,1,4,6,8
5303,3,4,6,8
5304,1,4,6,8
5305,1,4,6,8
5306,3,4,6,8
5307,1,4,6,8
5308,1,4,6,9
5309,3,4,6,8
5310,3,4,6,8
5311,1,4,6,8
5312,3,4,6,8
5313,3,4,6,8
5314,1,4,6,8
5315,1,4,6,8
5316,1,4,6,8
5317,1,4,6,9
5318,3,4,6,8
5319,1,4,6,8
5320,1,4,6,8
5321,1,4,6,8
5322,1,4,6,8
5323,1,4,6,8
5324,1,4,6,8
5325,1,4,6,8
5326,1,4,6,8
5327,1,4,6,8
5328,1,4,6,8
5329,1,4,6,8
5330,1,4,6,9
5331,1,4,6,8
5332,1,4,6,8
5333,2,4,6,8
5334,1,4,6,8
5335,1,4,6,8
5336,3,4,6,8
5337,1,4,6,9
5338,1,4,6,9
5339,1,4,6,8
5340,1,4,6,9
5341,1,4,6,8
5342,1,4,6,9
5343,1,4,6,8
5344,1,4,6,9
5345,1,4,6,8
5346,3,4,6,8
5347,3,4,6,8
5348,1,4,6,8
5349,1,4,6,8
5350,1,4,6,8
5351,1,4,6,8
5352,1,4,6,8
5353,1,4,6,8
5354,1,4,6,8
5355,1,4,6,9
5356,1,4,6,8
5357,1,4,6,8
5358,1,4,6,8
5359,3,4,6,8
5360,1,4,6,9
5361,3,4,6,9
5362,1,4,6,8
5363,3,4,6,8
5364,1,4,6,8
5365,1,4,6,8
5366,1,4,6,8
5367,1,4,6,8
5368,3,4,6,8
5369,1,4,6,8
5370,1,4,6,8
5371,3,4,6,8
5372,3,4,6,8
5373,1,4,6,8
5374,0,4,6,9
5375,1,4,6,8
5376,3,4,6,8
5377,1,4,6,8
5378,1,4,6,8
5379,1,4,6,8
5380,3,4,6,8
5381,1,4,6,8
5382,1,4,6,9
5383,1,4,6,8
5384,1,4,6,8
5385,1,4,6,9
5386,1,4,6,8
5387,1,4,6,8
5388,3,4,6,8
5389,1,4,6,8
5390,1,4,6,8
5391,1,4,6,9
5392,1,4,6,8
5393,1,4,6,8
5394,1,4,6,8
5395,1,4,6,8
5396,1,4,6,9
5397,1,4,6,8
5398,0,4,6,8
5399,1,4,6,8
5400,1,4,6,9
5401,1,4,6,8
5402,1,4,6,9
5403,1,4,6,9
5404,1,4,6,9
5405,1,4,6,8
5406,1,4,6,8
5407,1,4,6,8
5408,1,4,6,8
5409,1,4,6,9
5410,3,4,6,8
5411,3,4,6,8
5412,1,4,6,9
5413,1,4,6,8
5414,1,4,6,8
5415,1,4,6,8
5416,3,4,6,8
5417,1,4,6,8
5418,1,4,6,8
5419,1,4,6,9
5420,1,4,6,8
5421,1,4,6,8
5422,1,4,6,8
5423,1,4,6,8
5424,1,4,6,8
5425,1,4,6,8
5426,1,4,6,8
5427,1,4,6,9
5428,3,4,6,8
5429,1,4,6,8
5430,1,4,6,8
5431,1,4,6,8
5432,1,4,6,8
5433,3,4,6,8
5434,1,4,6,8
5435,1,4,6,8
5436,1,4,6,8
5437,1,4,6,8
5438,3,4,6,8
5439,1,4,6,8
5440,1,4,6,8
5441,1,4,6,8
5442,1,4,6,8
5443,1,4,6,8
5444,1,4,6,8
5445,1,4,6,8
5446,1,4,6,9
5447,1,4,6,8
5448,1,4,6,8
5449,1,4,6,8
5450,1,4,6,9
5451,1,4,6,9
5452,1,4,6,8
5453,1,4,6,8
5454,1,4,6,8
5455,1,4,6,8
5456,1,4,6,8
5457,1,4,6,8
5458,1,4,6,8
5459,1,4,6,8
5460,1,4,6,8
5461,1,4,6,8
5462,1,4,6,8
5463,1,4,6,8
5464,1,4,6,8
5465,1,4,6,8
5466,1,4,6,8
5467,1,4,6,8
5468,1,4,6,8
5469,1,4,6,9
5470,1,4,6,8
5471,1,4,6,8
5472,1,4,6,8
5473,1,4,6,8
5474,3,4,6,8
5475,1,4,6,8
5476,1,4,6,8
5477,1,4,6,8
5478,1,4,6,8
5479,1,4,6,8
5480,1,4,6,8
5481,3,4,6,9
5482,1,4,6,8
5483,1,4,6,8
5484,1,4,6,8
5485,1,4,6,8
5486,1,4,6,8
5487,1,4,6,8
5488,1,4,6,8
5489,1,4,6,9
5490,1,4,6,8
5491,1,4,6,8
5492,1,4,6,8
5493,1,4,6,8
5494,1,4,6,8
5495,3,4,6,8
5496,1,4,6,8
5497,3,4,6,9
5498,1,4,6,8
5499,1,4,6,8
5500,1,4,6,9
5501,1,4,6,8
5502,1,4,6,9
5503,1,4,6,8
5504,1,4,6,8
5505,1,4,6,8
5506,1,4,6,8
5507,1,4,6,9
5508,1,4,6,8
5509,1,4,6,8
5510,1,4,6,8
5511,1,4,6,9
5512,1,4,6,8
5513,1,4,6,8
5514,3,4,6,8
5515,1,4,6,8
5516,1,4,6,8
5517,1,4,6,8
5518,1,4,6,8
5519,1,4,6,8
5520,1,4,6,8
5521,3,4,6,8
5522,1,4,6,8
5523,1,4,7,9
5524,1,4,6,8
5525,1,4,6,8
5526,1,4,6,8
5527,0,4,6,8
5528,1,4,6,8
5529,1,4,6,8
5530,1,4,6,8
5531,1,4,6,8
5532,1,4,6,8
5533,3,4,6,9
5534,1,4,6,8
5535,1,4,6,8
5536,1,4,6,8
5537,1,4,6,9
5538,1,4,6,8
5539,1,4,6,8
5540,1,4,6,8
5541,1,4,6,8
5542,1,4,6,9
5543,1,4,6,8
5544,1,4,6,8
5545,1,4,6,9
5546,1,4,6,9
5547,1,4,6,8
5548,1,4,6,8
5549,1,4,6,8
5550,1,4,6,9
5551,1,4,7,9
5552,1,4,6,8
5553,1,4,6,8
5554,1,4,6,8
5555,1,4,6,8
5556,3,4,6,8
5557,3,4,6,8
5558,1,4,6,8
5559,1,4,6,8
5560,1,4,6,8
5561,1,4,6,8
5562,1,4,6,8
5563,1,4,6,8
5564,1,4,6,8
5565,1,4,6,8
5566,1,4,6,8
5567,1,4,6,8
5568,1,4,6,8
5569,1,4,6,9
5570,1,4,6,8
5571,1,4,6,8
5572,1,4,6,8
5573,1,4,6,8
5574,1,4,6,9
5575,1,4,6,8
5576,1,4,6,8
5577,1,4,6,8
5578,1,4,6,9
5579,1,4,6,8
5580,1,4,6,9
5581,3,4,6,9
5582,1,4,6,8
5583,1,4,6,8
5584,1,4,6,8
5585,1,4,6,8
5586,1,4,6,8
5587,1,4,6,8
5588,1,4,6,9
5589,3,4,6,8
5590,1,4,6,9
5591,3,4,6,8
5592,3,4,6,8
5593,1,4,6,8
5594,3,4,6,8
5595,1,4,6,9
5596,1,4,6,8
5597,1,4,6,8
5598,1,4,6,8
5599,1,4,6,8
5600,1,4,6,8
5601,1,4,6,8
5602,1,4,6,8
5603,1,4,6,9
5604,1,4,6,9
5605,2,4,6,8
5606,3,4,6,8
5607,1,4,6,8
5608,1,4,6,8
5609,1,4,6,9
5610,1,4,6,9
5611,1,4,6,9
5612,1,4,6,8
5613,3,4,6,8
5614,1,4,6,9
5615,1,4,6,8
5616,1,4,6,8
5617,1,4,6,8
5618,1,4,6,9
5619,1,4,6,8
5620,3,4,6,8
5621,1,4,6,8
5622,1,4,6,8
5623,1,4,6,9
5624,3,4,6,8
5625,1,4,6,8
5626,1,4,6,9
5627,3,4,6,8
5628,1,4,6,9
5629,1,4,6,8
5630,1,4,6,8
5631,1,4,6,8
5632,3,4,6,8
5633,1,4,6,8
5634,1,4,6,9
5635,1,4,6,8
5636,1,4,6,8
5637,1,4,6,8
5638,3,4,6,8
5639,1,4,6,8
5640,1,4,6,8
5641,1,4,6,9
5642,1,4,6,8
5643,1,4,6,9
5644,1,4,6,8
5645,1,4,6,8
5646,1,4,6,8
5647,3,4,6,8
5648,1,4,6,8
5649,1,4,6,8
5650,1,4,6,8
5651,1,4,6,8
5652,1,4,6,8
5653,1,4,6,8
5654,1,4,6,8
5655,1,4,6,8
5656,1,4,6,8
5657,1,4,6,8
5658,1,4,6,8
5659,1,4,6,8
5660,1,4,6,8
5661,1,4,6,8
5662,1,4,6,8
5663,1,4,6,8
5664,1,4,6,8
5665,3,4,6,8
5666,1,4,6,8
5667,1,4,6,8
5668,1,4,6,8
5669,1,4,6,8
5670,3,4,6,9
5671,1,4,6,8
5672,1,4,6,8
5673,1,4,6,8
5674,1,4,6,8
5675,1,4,6,8
5676,1,4,6,9
5677,1,4,6,8
5678,1,4,6,8
5679,1,4,6,8
5680,1,4,6,8
5681,1,4,6,8
5682,1,4,6,8
5683,1,4,6,8
5684,3,4,6,8
5685,1,4,6,8
5686,1,4,6,8
5687,1,4,6,8
5688,3,4,6,8
5689,1,4,6,8
5690,1,4,6,8
5691,1,4,6,8
5692,1,4,6,8
5693,0,4,6,8
5694,1,4,6,8
5695,1,4,6,9
5696,1,4,6,8
5697,1,4,6,8
5698,1,4,6,8
5699,1,4,6,9
5700,1,4,6,8
5701,1,4,6,8
5702,1,4,6,8
5703,1,4,6,8
5704,3,4,6,8
5705,1,4,6,8
5706,3,4,6,8
5707,1,4,6,8
5708,3,4,6,8
5709,1,4,6,9
5710,1,4,6,8
5711,1,4,6,8
5712,3,4,6,8
5713,1,4,6,9
5714,1,4,6,8
5715,1,4,6,8
5716,3,4,7,9
5717,1,4,6,8
5718,1,4,6,8
5719,1,4,6,8
5720,0,4,6,8
5721,3,4,6,8
5722,1,4,6,8
5723,1,4,6,8
5724,1,4,6,8
5725,1,4,6,9
5726,1,4,6,8
5727,1,4,6,8
5728,1,4,6,8
5729,1,4,6,8
5730,1,4,6,8
5731,1,4,6,8
5732,3,4,6,8
5733,1,4,6,8
5734,3,4,6,8
5735,1,4,6,8
5736,1,4,6,8
5737,1,4,6,9
5738,1,4,6,8
5739,1,4,6,8
5740,1,4,6,8
5741,3,4,6,8
5742,1,4,6,8
5743,1,4,6,8
5744,1,4,6,8
5745,1,4,6,8
5746,3,4,6,8
5747,1,4,6,8
5748,1,4,6,8
5749,1,4,6,8
5750,1,4,6,8
5751,1,4,6,8
5752,1,4,6,9
5753,1,4,6,8
5754,1,4,6,8
5755,1,4,6,9
5756,1,4,6,8
5757,1,4,6,8
5758,1,4,6,8
5759,1,4,6,8
5760,1,4,6,8
5761,1,4,6,8
5762,1,4,6,8
5763,3,4,6,8
5764,3,4,6,8
5765,1,4,6,9
5766,3,4,6,9
5767,0,4,6,8
5768,1,4,6,8
5769,1,4,6,8
5770,1,4,6,8
5771,1,4,6,8
5772,1,4,6,8
5773,1,4,6,8
5774,1,4,6,9
5775,1,4,6,8
5776,1,4,6,8
5777,1,4,6,9
5778,3,4,6,9
5779,1,4,6,8
5780,3,4,6,8
5781,1,4,6,9
5782,1,4,6,8
5783,1,4,6,9
5784,1,4,6,8
5785,1,4,6,8
5786,1,4,6,8
5787,1,4,6,8
5788,1,4,6,8
5789,3,4,6,9
5790,1,4,6,8
5791,1,4,6,9
5792,1,4,6,9
5793,1,4,6,8
5794,1,4,6,8
5795,1,4,6,8
5796,1,4,6,8
5797,1,4,6,8
5798,1,4,6,8
5799,1,4,6,8
5800,1,4,6,9
5801,3,4,6,8
5802,3,4,6,8
5803,1,4,6,8
5804,1,4,6,9
5805,3,4,6,8
5806,1,4,6,8
5807,1,4,6,8
5808,3,4,6,8
5809,1,4,6,8
5810,1,4,6,8
5811,3,4,6,8
5812,1,4,6,8
5813,1,4,6,8
5814,1,4,6,9
5815,3,4,6,8
5816,3,4,6,8
5817,3,4,6,8
5818,1,4,6,8
5819,1,4,6,8
5820,1,4,6,8
5821,1,4,6,9
5822,1,4,6,8
5823,1,4,6,8
5824,0,4,6,8
5825,1,4,7,9
5826,1,4,6,8
5827,1,4,6,8
5828,1,4,6,9
5829,1,4,6,8
5830,1,4,6,8
5831,1,4,6,8
5832,1,4,6,9
5833,3,4,6,8
5834,1,4,6,8
5835,1,4,6,8
5836,1,4,6,8
5837,0,4,6,8
5838,1,4,6,9
5839,3,5,6,8
5840,3,4,6,9
5841,3,4,6,8
5842,1,4,6,8
5843,1,4,6,8
5844,3,4,6,8
5845,1,4,6,9
5846,1,4,6,8
5847,1,4,6,8
5848,1,4,6,8
5849,1,4,6,8
5850,1,4,6,8
5851,1,4,6,8
5852,3,4,6,8
5853,0,4,6,8
5854,1,4,6,8
5855,1,4,6,9
5856,1,4,6,8
5857,1,4,6,8
5858,1,4,6,8
5859,1,4,6,8
5860,1,4,6,9
5861,1,4,6,9
5862,1,4,6,8
5863,1,4,6,8
5864,1,4,6,8
5865,1,4,6,8
5866,1,4,6,9
5867,1,4,6,9
5868,1,4,6,8
5869,1,4,6,8
5870,1,4,6,8
5871,1,4,6,8
5872,1,4,6,8
5873,1,4,6,8
5874,1,4,6,8
5875,3,4,6,8
5876,1,4,6,9
5877,1,4,6,8
5878,1,4,6,8
5879,3,4,6,8
5880,1,4,6,8
5881,1,4,6,8
5882,1,4,6,8
5883,3,4,6,8
5884,1,4,6,9
5885,1,4,6,9
5886,1,4,6,9
5887,1,4,6,8
5888,1,4,6,8
5889,1,4,6,9
5890,1,4,6,8
5891,1,4,6,9
5892,1,4,6,8
5893,1,4,6,8
5894,1,4,6,9
5895,1,4,6,8
5896,1,4,6,8
5897,3,4,6,8
5898,1,4,6,8
5899,1,4,6,9
5900,1,4,6,8
5901,1,4,6,8
5902,1,4,6,8
5903,1,4,6,8
5904,1,4,6,8
5905,1,4,6,8
5906,1,4,6,9
5907,1,4,6,8
5908,1,4,6,8
5909,1,4,6,8
5910,1,4,6,8
5911,1,4,6,8
5912,1,4,6,8
5913,1,4,6,8
5914,1,4,6,8
5915,1,4,6,8
5916,1,4,6,8
5917,1,4,6,9
5918,1,4,6,8
5919,1,4,6,8
5920,1,4,6,8
5921,1,4,6,8
5922,1,4,6,8
5923,1,4,6,8
5924,3,4,6,8
5925,1,4,6,8
5926,1,4,6,9
5927,3,4,7,9
5928,1,4,6,8
5929,1,4,6,8
5930,1,4,6,9
5931,1,4,6,9
5932,1,4,6,9
5933,1,4,6,8
5934,1,4,6,8
5935,1,4,6,8
5936,1,4,6,9
5937,1,4,6,8
5938,1,4,6,8
5939,1,4,6,9
5940,1,4,6,8
5941,1,4,6,8
5942,1,4,6,8
5943,1,4,6,9
5944,1,4,6,8
5945,1,4,6,8
5946,0,4,6,8
5947,1,4,6,8
5948,1,4,6,8
5949,3,4,6,8
5950,1,4,6,8
5951,3,4,6,8
5952,1,4,6,8
5953,3,4,6,9
5954,1,4,6,8
5955,1,4,6,8
5956,1,4,6,8
5957,0,4,6,8
5958,1,4,6,8
5959,1,4,6,8
5960,1,4,6,8
5961,1,4,6,8
5962,1,4,6,8
5963,1,4,6,8
5964,1,4,6,8
5965,3,4,6,8
5966,1,4,6,8
5967,1,4,6,8
5968,1,4,6,8
5969,1,4,6,8
5970,3,4,6,8
5971,1,4,6,9
5972,1,4,6,9
5973,1,4,6,8
5974,1,4,6,8
5975,1,4,6,8
5976,1,4,6,9
5977,1,4,6,8
5978,3,4,6,8
5979,1,4,6,8
5980,1,4,6,8
5981,1,4,6,8
5982,1,4,6,8
5983,1,4,6,8
5984,1,4,6,8
5985,1,4,6,8
5986,1,4,6,9
5987,1,4,6,8
5988,3,4,6,8
5989,3,4,6,8
5990,1,4,6,8
5991,1,4,6,9
5992,1,4,6,8
5993,1,4,6,8
5994,1,4,6,8
5995,1,4,6,8
5996,1,4,6,8
5997,1,4,6,8
5998,1,4,6,9
5999,0,4,6,8
6000,1,4,6,9
6001,1,4,6,8
6002,1,4,6,8
6003,1,4,6,9
6004,1,4,6,8
6005,1,4,6,9
6006,3,4,6,8
6007,1,4,6,8
6008,1,4,6,8
6009,1,4,6,8
6010,1,4,6,9
6011,1,4,6,9
6012,1,4,6,8
6013,1,4,6,8
6014,1,4,6,8
6015,1,4,6,8
6016,1,4,7,9
6017,3,4,6,8
6018,1,4,6,8
6019,1,4,6,8
6020,1,4,6,8
6021,1,4,6,9
6022,1,4,6,8
6023,1,4,6,8
6024,1,4,6,8
6025,3,4,6,8
6026,3,4,6,8
6027,1,4,6,8
6028,1,4,6,8
6029,1,4,6,8
6030,1,4,6,8
6031,1,4,6,9
6032,1,4,6,8
6033,1,4,6,8
6034,1,4,6,9
6035,1,4,6,9
6036,1,4,6,8
6037,1,4,6,8
6038,1,4,6,8
6039,1,4,6,9
6040,1,4,6,8
6041,1,4,6,9
6042,1,4,6,8
6043,1,4,6,8
6044,1,4,6,8
6045,1,4,6,9
6046,3,4,6,8
6047,3,4,6,8
6048,1,4,6,8
6049,1,4,6,8
6050,0,4,6,8
6051,1,4,6,8
6052,3,4,6,8
6053,1,4,6,8
6054,1,4,6,8
6055,1,4,6,9
6056,1,4,6,9
6057,3,4,6,8
6058,1,4,6,8
6059,1,4,6,9
6060,1,4,6,8
6061,1,4,6,8
6062,1,4,6,9
6063,1,4,6,8
6064,1,4,6,8
6065,1,4,6,8
6066,1,4,6,8
6067,1,4,6,9
6068,1,4,6,9
6069,1,4,6,8
6070,1,4,6,8
6071,3,4,6,8
6072,1,4,6,8
6073,1,4,6,8
6074,1,4,6,8
6075,1,4,6,8
6076,1,4,6,8
6077,1,4,6,9
6078,1,4,6,8
6079,1,4,6,8
6080,3,4,6,8
6081,1,4,6,8
6082,1,4,6,9
6083,1,4,6,9
6084,1,4,6,8
6085,3,4,6,8
6086,1,4,6,8
6087,1,4,6,8
6088,3,4,6,9
6089,1,4,6,8
6090,1,4,6,8
6091,1,4,6,8
6092,1,4,6,8
6093,3,4,6,8
6094,1,4,6,8
6095,1,4,6,8
6096,1,4,6,8
6097,1,4,6,8
6098,1,4,6,8
6099,1,4,6,8
6100,1,4,6,9
6101,1,4,6,8
6102,1,4,6,8
6103,1,4,6,9
6104,1,4,6,8
6105,3,4,6,8
6106,1,4,6,9
6107,1,4,6,9
6108,1,4,6,9
6109,1,4,6,8
6110,1,4,6,8
6111,1,4,6,8
6112,1,4,6,8
6113,1,4,6,9
6114,1,4,6,8
6115,1,4,6,8
6116,0,4,6,8
6117,3,4,6,8
6118,1,4,6,8
6119,1,4,6,8
6120,1,4,6,8
6121,1,4,6,8
6122,1,4,6,8
6123,1,4,6,8
6124,1,4,6,8
6125,1,4,6,8
6126,1,4,6,9
6127,1,4,7,9
6128,1,4,6,8
6129,1,4,6,8
6130,1,4,6,8
6131,1,4,6,8
6132,1,4,6,8
6133,3,4,6,8
6134,3,4,6,8
6135,1,4,6,8
6136,1,4,6,8
6137,1,4,6,8
6138,0,4,6,8
6139,1,4,6,8
6140,1,4,6,8
6141,1,4,6,9
6142,1,4,6,8
6143,0,4,6,8
6144,3,4,6,8
6145,1,4,6,8
6146,3,4,6,8
6147,1,4,6,9
6148,1,4,6,8
6149,1,4,6,8
6150,1,4,6,8
6151,1,4,6,8
6152,1,4,6,9
6153,1,4,6,8
6154,1,4,6,8
6155,1,4,6,8
6156,1,4,6,9
6157,1,4,6,8
6158,1,4,6,8
6159,3,4,6,9
6160,1,4,6,8
6161,3,4,6,8
6162,1,4,6,8
6163,1,4,7,9
6164,1,4,6,8
6165,3,4,6,8
6166,1,4,6,8
6167,1,4,6,8
6168,1,4,6,8
6169,1,4,6,8
6170,1,4,6,8
6171,3,4,6,9
6172,0,4,6,8
6173,1,4,6,8
6174,1,4,6,8
6175,1,4,6,8
6176,1,4,6,8
6177,1,4,6,8
6178,1,4,6,8
6179,3,4,6,8
6180,1,4,6,8
6181,1,4,6,8
6182,1,4,6,8
6183,3,4,6,9
6184,1,4,6,8
6185,1,4,6,8
6186,1,4,6,9
6187,1,4,6,8
6188,1,4,6,8
6189,3,4,6,8
6190,3,4,6,8
6191,1,4,6,8
6192,0,4,6,8
6193,1,4,6,8
6194,1,4,6,8
6195,1,4,6,8
6196,1,4,6,8
6197,3,4,6,8
6198,1,4,6,8
6199,1,4,6,8
6200,1,4,6,8
6201,1,4,6,8
6202,3,4,6,9
6203,1,4,6,9
6204,1,4,6,9
6205,1,4,6,8
6206,1,4,6,9
6207,1,4,6,9
6208,1,4,6,8
6209,1,4,6,9
6210,1,4,6,8
6211,1,4,6,8
6212,1,4,6,8
6213,1,4,6,8
6214,1,4,6,8
6215,1,4,6,8
6216,1,4,6,8
6217,1,4,6,8
6218,1,4,6,9
6219,1,4,6,8
6220,1,4,6,8
6221,1,4,6,8
6222,1,4,6,8
6223,3,4,6,8
6224,1,4,6,9
6225,3,4,6,8
6226,1,4,6,8
6227,1,4,6,8
6228,1,4,6,9
6229,1,4,6,8
6230,3,4,6,9
6231,1,4,6,9
6232,1,4,6,8
6233,1,4,6,8
6234,2,4,6,8
6235,1,4,6,8
6236,1,4,6,8
6237,1,4,6,8
6238,3,4,6,9
6239,1,4,6,8
6240,1,4,6,8
6241,1,4,6,8
6242,1,4,6,9
6243,1,4,6,9
6244,1,4,6,8
6245,1,4,6,8
6246,1,4,6,8
6247,1,4,6,8
6248,1,4,6,8
6249,1,4,6,8
6250,1,4,6,8
6251,1,4,6,8
6252,1,4,6,9
6253,1,4,6,8
6254,1,4,6,8
6255,1,4,6,8
6256,1,4,6,8
6257,3,4,6,8
6258,1,4,6,8
6259,1,4,6,8
6260,1,4,6,8
6261,1,4,6,8
6262,1,4,6,8
6263,1,4,6,8
6264,1,4,6,8
6265,1,4,6,8
6266,1,4,6,8
6267,1,4,6,8
6268,1,4,6,9
6269,1,4,6,8
6270,1,4,6,8
6271,3,4,6,8
6272,1,4,6,8
6273,1,4,6,8
6274,1,4,6,8
6275,1,4,6,8
6276,3,4,6,8
6277,3,4,6,8
6278,1,4,6,8
6279,1,4,6,9
6280,1,4,6,8
6281,1,4,6,8
6282,1,4,6,9
6283,1,4,6,8
6284,1,4,6,8
6285,1,4,6,9
6286,1,4,6,8
6287,1,4,6,8
6288,1,4,6,9
6289,1,4,6,8
6290,1,4,6,9
6291,1,4,6,8
6292,1,4,6,8
6293,1,4,6,8
6294,1,4,6,9
6295,1,4,6,9
6296,1,4,6,8
6297,3,4,6,8
6298,1,4,6,8
6299,1,4,6,8
6300,1,4,6,9
6301,1,4,6,8
6302,1,4,6,8
6303,1,4,6,8
6304,1,4,6,8
6305,3,4,6,8
6306,1,4,6,8
6307,3,4,6,8
6308,1,4,6,9
6309,3,4,6,9
6310,1,4,6,9
6311,3,4,6,8
6312,1,4,6,8
6313,1,4,6,8
6314,1,4,6,8
6315,1,4,6,8
6316,1,4,6,8
6317,1,4,6,8
6318,1,4,6,8
6319,1,4,6,8
6320,1,4,6,8
6321,1,4,6,8
6322,1,4,6,8
6323,1,4,6,9
6324,1,4,6,8
6325,1,4,6,8
6326,1,4,6,8
6327,1,4,6,8
6328,1,4,6,9
6329,1,4,6,8
6330,3,4,6,8
6331,1,4,6,8
6332,1,4,6,8
6333,1,4,6,8
6334,1,4,6,8
6335,1,4,6,8
6336,1,4,6,8
6337,1,4,6,8
6338,1,4,6,8
6339,1,4,6,8
6340,3,4,6,8
6341,1,4,6,8
6342,1,4,6,8
6343,1,4,6,8
6344,1,4,6,8
6345,1,4,6,8
6346,1,4,6,8
6347,1,4,6,8
6348,1,4,6,8
6349,3,4,6,9
6350,1,4,6,8
6351,1,4,6,9
6352,1,4,6,8
6353,1,4,6,8
6354,1,4,6,8
6355,1,4,6,8
6356,1,4,6,8
6357,1,4,6,8
6358,1,4,6,8
6359,1,4,6,8
6360,3,4,6,8
6361,1,4,6,8
6362,1,4,6,8
6363,1,4,6,8
6364,1,4,6,8
6365,1,4,6,9
6366,1,4,6,8
6367,1,4,6,8
6368,1,4,6,9
6369,1,4,6,8
6370,1,4,6,8
6371,1,4,6,8
6372,1,4,6,8
6373,1,4,6,8
6374,1,4,6,8
6375,1,4,6,8
6376,1,4,6,8
6377,1,4,6,8
6378,3,4,6,8
6379,1,4,6,8
6380,3,4,6,8
6381,1,4,6,9
6382,1,4,6,8
6383,1,4,6,8
6384,1,4,6,8
6385,1,4,6,9
6386,1,4,6,8
6387,1,4,6,9
6388,1,4,6,9
6389,0,4,6,9
6390,1,4,6,8
6391,1,4,6,8
6392,1,4,6,8
6393,1,4,7,9
6394,1,4,6,8
6395,1,4,6,8
6396,1,4,6,9
6397,1,4,6,8
6398,1,4,6,8
6399,1,4,6,8
6400,1,4,6,8
6401,1,4,6,8
6402,1,4,6,8
6403,1,4,6,8
6404,1,4,6,8
6405,1,4,6,8
6406,1,4,6,8
6407,3,4,6,8
6408,1,4,6,9
6409,1,4,6,8
6410,1,4,6,8
6411,3,4,6,8
6412,1,4,6,8
6413,1,4,6,8
6414,1,4,6,8
6415,1,4,6,8
6416,1,4,6,8
6417,1,4,6,8
6418,1,4,6,8
6419,3,4,7,9
6420,3,4,6,8
6421,1,4,6,8
6422,1,4,6,8
6423,1,4,6,8
6424,1,4,6,8
6425,1,4,6,8
6426,1,4,6,9
6427,1,4,6,9
6428,3,4,6,8
6429,1,4,6,8
6430,1,4,6,8
6431,1,4,6,8
6432,1,4,6,8
6433,3,4,6,8
6434,1,4,6,9
6435,1,4,6,8
6436,1,4,6,8
6437,0,4,6,8
6438,1,4,6,8
6439,1,4,6,8
6440,1,4,6,8
6441,1,4,6,8
6442,1,4,6,8
6443,1,4,6,8
6444,1,4,6,8
6445,1,4,6,8
6446,1,4,6,8
6447,1,4,6,8
6448,1,4,6,9
6449,1,4,6,8
6450,1,4,6,8
6451,1,4,6,8
6452,3,4,6,8
6453,3,4,6,8
6454,1,4,6,9
6455,1,4,6,8
6456,1,4,6,8
6457,1,4,6,8
6458,1,4,6,9
6459,3,4,6,9
6460,1,4,6,8
6461,1,4,6,8
6462,1,4,6,8
6463,1,4,6,8
6464,1,4,6,8
6465,1,4,6,8
6466,1,4,6,9
6467,1,4,6,8
6468,3,4,6,9
6469,1,4,6,8
6470,0,4,6,8
6471,1,4,6,8
6472,1,4,6,8
6473,1,4,6,8
6474,1,4,6,8
6475,1,4,6,8
6476,1,4,6,8
6477,1,4,6,8
6478,1,4,6,9
6479,1,4,6,8
6480,0,4,6,8
6481,1,4,6,9
6482,1,4,6,8
6483,1,4,6,8
6484,1,4,6,9
6485,1,4,6,8
6486,1,4,6,9
6487,1,4,7,9
6488,1,4,6,9
6489,3,4,6,8
6490,1,4,6,8
6491,1,4,6,8
6492,1,4,6,9
6493,1,4,6,9
6494,1,4,6,8
6495,1,4,6,8
6496,1,4,6,9
6497,3,4,6,9
6498,1,4,6,8
6499,1,4,6,8
6500,1,4,6,8
6501,1,4,6,8
6502,1,4,6,9
6503,1,4,6,8
6504,1,4,6,8
6505,1,4,6,8
6506,1,4,6,9
6507,1,4,6,8
6508,1,4,6,8
6509,3,4,6,9
6510,3,4,6,8
6511,3,4,6,8
6512,3,4,6,8
6513,3,4,6,8
6514,1,4,6,8
6515,1,4,6,9
6516,1,4,6,8
6517,1,4,6,8
6518,1,4,6,8
6519,1,4,6,8
6520,1,4,6,9
6521,1,4,6,9
6522,1,4,6,8
6523,1,4,6,8
6524,1,4,6,8
6525,1,4,6,8
6526,1,4,6,8
6527,0,4,6,8
6528,1,4,6,8
6529,3,4,6,8
6530,1,4,6,8
6531,1,4,6,8
6532,1,4,6,8
6533,3,4,6,8
6534,1,4,6,8
6535,1,4,6,8
6536,1,4,6,8
6537,1,4,6,9
6538,1,4,6,8
6539,1,4,6,8
6540,1,4,6,9
6541,1,4,6,8
6542,1,4,6,9
6543,1,4,6,8
6544,1,4,6,9
6545,1,4,6,9
6546,1,4,6,8
6547,1,4,6,8
6548,1,4,6,8
6549,3,4,6,8
6550,1,4,6,8
6551,1,4,6,8
6552,1,4,6,8
6553,1,4,6,8
6554,1,4,6,8
6555,1,4,6,8
6556,3,4,6,8
6557,1,4,6,8
6558,3,4,6,8
6559,1,4,6,8
6560,3,4,6,8
6561,3,4,6,9
6562,3,4,6,8
6563,1,4,6,8
6564,1,4,6,8
6565,1,4,6,8
6566,1,4,6,8
6567,1,4,6,8
6568,0,4,6,9
6569,1,4,6,8
6570,1,4,6,9
6571,1,4,6,8
6572,1,4,6,8
6573,1,4,6,8
6574,3,4,6,8
6575,1,4,6,8
6576,1,4,6,8
6577,3,4,6,8
6578,1,4,6,9
6579,1,4,6,8
6580,1,4,6,8
6581,1,4,6,8
6582,1,4,6,8
6583,1,4,6,8
6584,1,4,6,9
6585,1,4,6,8
6586,1,4,6,8
6587,1,4,6,9
6588,1,4,6,9
6589,1,4,6,8
6590,1,4,6,8
6591,3,4,6,8
6592,1,4,6,9
6593,1,4,6,9
6594,1,4,6,8
6595,1,4,6,8
6596,1,4,6,8
6597,1,4,6,8
6598,1,4,6,8
6599,1,4,6,8
6600,1,4,6,9
6601,3,4,6,8
6602,1,4,6,8
6603,3,4,6,8
6604,1,4,6,8
6605,1,4,6,8
6606,1,4,6,8
6607,1,4,6,8
6608,1,4,6,8
6609,1,4,6,8
6610,3,4,6,8
6611,1,4,6,8
6612,2,4,6,8
6613,1,4,6,8
6614,1,4,6,8
6615,1,4,6,8
6616,1,4,6,9
6617,3,4,6,8
6618,1,4,6,8
6619,1,4,6,8
6620,1,4,6,8
6621,1,4,6,8
6622,1,4,6,8
6623,1,4,6,8
6624,1,4,6,8
6625,1,4,6,9
6626,3,4,6,8
6627,0,4,6,8
6628,1,4,6,8
6629,3,4,6,8
6630,1,4,6,8
6631,1,4,6,8
6632,1,4,6,8
6633,1,4,6,9
6634,3,4,6,9
6635,1,4,6,8
6636,1,4,6,8
6637,1,4,6,8
6638,1,4,6,8
6639,1,4,6,8
6640,3,4,6,9
6641,1,4,6,8
6642,1,4,6,8
6643,1,4,6,9
6644,1,4,6,8
6645,1,4,6,8
6646,3,4,6,8
6647,1,4,6,8
6648,3,4,6,8
6649,1,4,6,8
6650,1,4,6,8
6651,1,4,6,8
6652,1,4,6,8
6653,1,4,6,8
6654,1,4,6,8
6655,3,4,6,8
6656,1,4,6,8
6657,1,4,6,9
6658,1,4,6,8
6659,1,4,6,8
6660,1,4,6,9
6661,1,4,6,8
6662,1,4,6,9
6663,1,4,6,9
6664,1,4,6,9
6665,1,4,6,9
6666,1,4,6,8
6667,1,4,6,8
6668,1,4,6,8
6669,3,4,6,8
6670,1,4,6,8
6671,1,4,6,8
6672,1,4,6,9
6673,1,4,6,8
6674,1,4,6,9
6675,1,4,6,8
6676,3,4,6,8
6677,1,4,6,9
6678,1,4,6,8
6679,1,4,6,8
6680,1,4,6,8
6681,1,4,6,8
6682,1,4,6,8
6683,1,4,6,8
6684,3,4,6,9
6685,1,4,6,8
6686,1,4,6,8
6687,1,4,6,8
6688,3,4,6,8
6689,1,4,6,8
6690,1,4,6,9
6691,1,4,6,8
6692,3,4,6,8
6693,1,4,6,9
6694,1,4,6,8
6695,1,4,6,8
6696,1,4,6,8
6697,1,4,6,8
6698,1,4,6,9
6699,1,4,6,8
6700,1,4,6,8
6701,1,4,6,8
6702,1,4,6,8
6703,1,4,6,8
6704,1,4,6,8
6705,1,4,6,8
6706,3,4,6,8
6707,1,4,6,8
6708,1,4,6,8
6709,1,4,6,8
6710,1,4,6,9
6711,3,4,6,8
6712,1,4,6,8
6713,1,4,6,8
6714,1,4,6,8
6715,1,4,6,8
6716,0,4,6,9
6717,1,4,6,8
6718,1,4,6,8
6719,1,4,6,9
6720,1,4,6,8
6721,1,4,6,8
6722,1,4,6,9
6723,1,4,6,8
6724,1,4,6,8
6725,1,4,6,8
6726,1,4,6,8
6727,1,4,6,8
6728,1,4,6,8
6729,1,4,6,9
6730,1,4,6,8
6731,1,4,6,9
6732,1,4,6,8
6733,0,4,6,8
6734,1,4,6,8
6735,1,4,6,8
6736,1,4,6,8
6737,1,4,6,8
6738,1,4,6,8
6739,1,4,6,8
6740,3,4,6,8
6741,1,4,6,9
6742,1,4,6,8
6743,1,4,6,8
6744,1,4,6,9
6745,1,4,6,8
6746,1,4,6,8
6747,1,4,6,8
6748,1,4,6,8
6749,1,4,6,8
6750,1,4,6,8
6751,1,4,6,8
6752,1,4,6,8
6753,1,4,6,8
6754,1,4,6,8
6755,1,4,6,8
6756,3,4,6,9
6757,1,4,6,8
6758,1,4,6,8
6759,1,4,6,8
6760,1,4,6,9
6761,1,4,6,9
6762,3,4,6,8
6763,1,4,6,8
6764,1,4,6,8
6765,1,4,6,8
6766,1,4,6,8
6767,1,4,6,8
6768,1,4,6,8
6769,1,4,6,8
6770,1,4,6,8
6771,1,4,6,8
6772,1,4,6,8
6773,1,4,6,8
6774,3,4,6,9
6775,1,4,6,8
6776,3,4,6,8
6777,1,4,6,8
6778,1,4,6,8
6779,1,4,6,8
6780,1,4,6,8
6781,1,4,6,8
6782,1,4,6,8
6783,1,4,6,8
6784,1,4,6,9
6785,1,4,6,8
6786,1,4,6,8
6787,1,4,6,8
6788,1,4,6,8
6789,1,4,6,8
6790,1,4,6,8
6791,3,4,6,8
6792,1,4,6,8
6793,1,4,6,8
6794,1,4,6,8
6795,1,4,6,8
6796,3,4,6,9
6797,0,4,6,8
6798,1,4,6,8
6799,1,4,6,8
6800,1,4,6,8
6801,1,4,6,9
6802,1,4,6,8
6803,1,4,6,8
6804,1,4,6,8
6805,1,4,6,8
6806,1,4,6,8
6807,1,4,6,8
6808,1,4,6,8
6809,1,4,6,8
6810,1,4,6,8
6811,2,4,6,9
6812,1,4,6,9
6813,1,4,6,9
6814,1,4,6,8
6815,0,4,6,8
6816,1,4,6,8
6817,1,4,6,8
6818,1,4,6,8
6819,1,4,6,9
6820,1,4,6,9
6821,1,4,6,8
6822,1,4,6,8
6823,3,4,6,8
6824,3,4,6,8
6825,1,4,6,8
6826,1,4,6,8
6827,1,4,6,8
6828,2,4,6,8
6829,1,4,6,8
6830,1,4,6,8
6831,1,4,6,8
6832,1,4,6,8
6833,1,4,6,8
6834,1,4,6,8
6835,1,4,6,8
6836,1,4,6,8
6837,1,4,6,8
6838,1,4,6,8
6839,1,4,6,9
6840,1,4,6,8
6841,1,4,6,8
6842,3,4,6,8
6843,3,4,6,9
6844,1,4,6,8
6845,1,4,6,8
6846,1,4,6,8
6847,1,4,6,8
6848,1,4,6,9
6849,3,4,6,8
6850,1,4,6,8
6851,1,4,6,8
6852,1,4,6,8
6853,1,4,6,8
6854,1,4,6,8
6855,1,4,6,8
6856,1,4,6,9
6857,1,4,6,8
6858,1,4,6,8
6859,1,4,6,9
6860,1,4,6,8
6861,3,4,6,8
6862,1,4,6,8
6863,1,4,6,8
6864,1,4,6,8
6865,1,4,6,8
6866,1,4,6,8
6867,1,4,6,8
6868,1,4,6,9
6869,1,4,6,9
6870,1,4,6,8
6871,1,4,6,8
6872,1,4,6,8
6873,1,4,6,8
6874,1,4,6,8
6875,1,4,6,8
6876,1,4,6,8
6877,1,4,6,8
6878,1,4,6,9
6879,1,4,6,8
6880,1,4,6,8
6881,1,4,6,8
6882,1,4,6,8
6883,3,4,6,8
6884,1,4,6,8
6885,3,4,6,8
6886,3,4,6,8
6887,1,4,6,9
6888,1,4,6,8
6889,1,4,6,8
6890,1,4,6,8
6891,1,4,6,8
6892,3,4,6,9
6893,1,4,6,8
6894,1,4,6,8
6895,1,4,6,8
6896,1,4,6,8
6897,1,4,6,8
6898,1,4,6,8
6899,1,4,6,9
6900,1,4,6,8
6901,1,4,6,8
6902,1,4,6,8
6903,1,4,6,8
6904,1,4,6,8
6905,1,4,6,8
6906,1,4,6,8
6907,1,4,6,8
6908,1,4,6,8
6909,1,4,6,8
6910,1,4,6,8
6911,1,4,6,8
6912,1,4,6,8
6913,1,4,6,8
6914,1,4,6,8
6915,1,4,6,8
6916,1,4,6,8
6917,3,4,6,8
6918,1,4,6,8
6919,1,4,6,8
6920,1,4,6,8
6921,1,4,6,8
6922,1,4,6,8
6923,1,4,6,8
6924,3,4,6,8
6925,1,4,6,8
6926,1,4,6,8
6927,1,4,6,8
6928,1,4,6,9
6929,1,4,6,8
6930,1,4,6,8
6931,1,4,6,8
6932,1,4,6,8
6933,1,4,6,8
6934,3,4,6,8
6935,1,4,6,8
6936,1,4,6,8
6937,1,4,6,8
6938,1,4,6,8
6939,1,4,6,9
6940,1,4,6,8
6941,1,4,6,9
6942,1,4,6,8
6943,1,4,6,8
6944,1,4,6,9
6945,1,4,6,8
6946,3,4,6,8
6947,3,4,6,8
6948,1,4,6,8
6949,1,4,6,8
6950,1,4,6,8
6951,1,4,6,8
6952,3,4,6,8
6953,1,4,6,8
6954,1,4,6,9
6955,1,4,6,9
6956,1,4,6,8
6957,1,4,6,8
6958,3,4,6,8
6959,1,4,6,8
6960,1,4,6,8
6961,3,4,6,8
6962,3,4,6,8
6963,3,4,6,8
6964,1,4,6,8
6965,1,4,6,8
6966,1,4,6,8
6967,1,4,6,8
6968,1,4,6,8
6969,1,4,6,8
6970,3,4,6,8
6971,1,4,6,9
6972,3,4,6,8
6973,1,4,6,8
6974,1,4,6,8
6975,1,4,6,8
6976,1,4,6,8
6977,1,4,6,8
6978,1,4,6,9
6979,1,4,6,8
6980,1,4,6,8
6981,1,4,6,8
6982,1,4,6,8
6983,1,4,6,8
6984,1,4,6,8
6985,3,4,6,8
6986,1,4,6,8
6987,1,4,6,8
6988,1,4,6,9
6989,3,4,6,8
6990,3,4,6,8
6991,1,4,6,8
6992,1,4,6,8
6993,1,4,6,9
6994,1,4,6,8
6995,1,4,6,8
6996,1,4,6,8
6997,1,4,6,8
6998,1,4,6,8
6999,1,4,6,8
7000,1,4,6,8
7001,1,4,6,8
7002,1,4,6,8
7003,1,4,6,8
7004,1,4,6,8
7005,1,4,6,8
7006,1,4,6,8
7007,0,4,6,8
7008,1,4,6,8
7009,1,4,6,8
7010,1,4,6,9
7011,1,4,6,8
7012,3,4,6,8
7013,1,4,6,9
7014,1,4,6,8
7015,1,4,6,8
7016,1,4,6,9
7017,1,4,6,9
7018,1,4,6,8
7019,3,4,6,8
7020,1,4,6,8
7021,2,4,6,8
7022,1,4,6,8
7023,1,4,6,8
7024,1,4,6,8
7025,1,4,6,8
7026,1,4,6,9
7027,1,4,6,8
7028,1,4,6,8
7029,3,4,6,8
7030,1,4,6,9
7031,1,4,6,8
7032,3,4,6,8
7033,1,4,6,8
7034,1,4,6,9
7035,1,4,6,9
7036,1,4,6,8
7037,1,4,6,8
7038,3,4,6,8
7039,1,4,6,8
7040,3,4,6,8
7041,3,4,6,8
7042,1,4,6,8
7043,1,4,6,8
7044,1,4,6,8
7045,1,4,6,8
7046,1,4,6,8
7047,3,4,6,8
7048,3,4,6,8
7049,1,4,6,8
7050,1,4,6,8
7051,1,4,6,8
7052,1,4,6,8
7053,0,4,6,9
7054,1,4,6,8
7055,3,4,6,9
7056,1,4,6,8
7057,1,4,6,9
7058,0,4,6,8
7059,0,4,6,8
7060,1,4,6,8
7061,1,4,6,8
7062,1,4,6,8
7063,3,4,6,9
7064,1,4,6,8
7065,3,4,6,8
7066,1,4,6,8
7067,3,4,6,8
7068,1,4,6,8
7069,1,4,6,8
7070,1,4,6,8
7071,1,4,6,8
7072,1,4,6,8
7073,1,4,6,8
7074,1,4,6,8
7075,1,4,6,8
7076,1,4,6,8
7077,1,4,6,8
7078,1,4,6,8
7079,1,4,6,8
7080,3,4,6,8
7081,3,4,6,8
7082,1,4,6,8
7083,1,4,6,8
7084,1,4,6,8
7085,1,4,6,8
7086,1,4,6,8
7087,1,4,6,9
7088,1,4,6,8
7089,1,4,6,8
7090,1,4,6,8
7091,1,4,6,9
7092,3,4,6,8
7093,1,4,6,8
7094,1,4,6,8
7095,1,4,6,8
7096,1,4,6,8
7097,1,4,6,9
7098,1,4,6,8
7099,1,4,6,8
7100,1,4,6,8
7101,1,4,6,8
7102,1,4,6,8
7103,1,4,6,8
7104,1,4,6,8
7105,1,4,6,8
7106,1,4,6,9
7107,1,4,6,9
7108,1,4,6,9
7109,1,4,6,9
7110,3,4,6,8
7111,3,4,6,9
7112,1,4,6,8
7113,1,4,6,9
7114,1,4,6,8
7115,1,4,6,8
7116,1,4,6,8
7117,1,4,6,9
7118,1,4,6,8
7119,3,4,6,8
7120,3,4,6,8
7121,1,4,6,8
7122,1,4,6,8
7123,1,4,6,8
7124,1,4,6,8
7125,1,4,6,8
7126,1,4,6,8
7127,1,4,7,9
7128,3,4,6,8
7129,3,4,6,9
7130,1,4,6,8
7131,1,4,6,8
7132,1,4,6,8
7133,1,4,6,8
7134,3,4,6,8
7135,1,4,6,8
7136,1,4,6,9
7137,1,4,6,8
7138,1,4,6,8
7139,1,4,6,8
7140,3,4,6,8
7141,1,4,6,8
7142,1,4,6,8
7143,1,4,6,8
7144,1,4,6,8
7145,1,4,6,8
7146,1,4,6,8
7147,1,4,6,8
7148,1,4,6,9
7149,1,4,6,9
7150,1,4,6,8
7151,1,4,6,9
7152,1,4,6,8
7153,1,4,6,8
7154,1,4,6,8
7155,1,4,6,8
7156,1,4,6,8
7157,3,4,6,8
7158,1,4,6,9
7159,1,4,6,8
7160,3,4,6,8
7161,3,4,6,9
7162,1,4,6,8
7163,1,4,6,8
7164,1,4,6,8
7165,1,4,6,8
7166,1,4,6,8
7167,1,4,6,8
7168,1,4,6,8
7169,3,4,6,8
7170,1,4,6,8
7171,1,4,6,9
7172,1,4,6,8
7173,1,4,6,8
7174,1,4,6,8
7175,1,4,6,9
